3.04911
3.03311
3.07894
3.13101
3.15484
3.13543
3.09586
3.05226
3.02226
3.00552
3.00046
3.00282
3.00782
3.01281
3.01759
3.01871
3.01765
3.01527
3.01071
3.00743
3.00472
3.00409
3.00454
3.00612
3.00698
3.00696
3.00563
3.00345
3.00121
2.9997
2.99888
2.99864
2.99884
2.99909
2.99929
2.9994
2.99953
2.99947
2.99981
3.00038
3.00101
3.00176
3.00242
3.00269
3.00291
3.0026
3.00264
3.00225
3.00201
3.00158
3.00132
3.00111
3.00105
3.00076
3.00078
3.00057
3.00045
3.00042
3.00039
3.00037
3.00024
3.00023
3.00002
2.99989
2.99975
2.99955
2.99935
2.99929
2.99917
2.99914
2.999
2.99892
2.99904
2.99908
2.99909
2.99905
2.99907
2.99918
2.99907
2.99909
2.99914
2.99912
2.99919
2.99918
2.99923
2.99915
2.99919
2.99929
2.99931
2.9993
2.99936
2.99944
2.99951
2.99948
2.99957
2.99962
2.99955
2.99944
2.99947
2.99954
