2.02872
2.02022
2.0469
2.08372
2.11033
2.11844
2.10347
2.0756
2.04941
2.02857
2.01408
2.00638
2.00391
2.00467
2.00709
2.0104
2.01206
2.01282
2.01371
2.01192
2.00979
2.00687
2.0036
2.00162
2.00123
2.00335
2.00682
2.01037
2.01085
2.00939
2.00572
2.00261
2.00056
1.99983
1.99996
2.00025
2.00064
2.00093
2.00102
2.00084
2.00076
2.00062
2.00049
2.00061
2.00105
2.00139
2.00202
2.00242
2.00269
2.00295
2.00273
2.00232
2.00173
2.00112
2.00076
2.00061
2.0004
2.00036
2.00022
1.99999
2.00015
2.00016
2.0001
1.99999
2.00005
2.0002
2.00032
2.00048
2.00061
2.00059
2.00055
2.00035
2.0002
2.00005
1.9999
1.99981
1.9998
1.99968
1.99975
1.99976
1.99974
1.99973
1.99982
1.99998
2.00002
2.00011
2.00018
2.00025
2.0002
2.00017
2.00006
2.00002
1.99993
1.99992
1.99993
1.99991
1.99987
1.9999
1.99991
1.99992
