3.04776
3.03984
3.03013
3.0302
3.0261
3.0253
3.02211
3.02019
3.01796
3.01615
3.01363
3.01208
3.01052
3.00863
3.00712
3.00601
3.00494
3.00398
3.00298
3.00236
3.00171
3.00115
3.00086
3.00059
3.00028
3.00013
2.99994
2.99986
2.99973
2.99967
2.99955
2.99951
2.99946
2.99939
2.9995
2.99939
2.99952
2.99935
2.99944
2.99937
2.99941
2.99942
2.9994
2.99941
2.99947
2.99944
2.99939
2.99936
2.99941
2.99936
2.99944
2.99949
2.99938
2.99937
2.99938
2.99939
2.99938
2.99939
2.99946
2.99943
2.9994
2.9994
2.99946
2.99935
2.9994
2.99939
2.99938
2.99941
2.99943
2.99943
2.99938
2.99938
2.99936
2.99939
2.99936
2.99934
2.99932
2.99945
2.99942
2.99939
2.99933
2.99936
2.99943
2.99941
2.99938
2.99938
2.99937
2.99938
2.99948
2.99938
2.99937
2.99941
2.99937
2.99937
2.99943
2.9994
2.99935
2.99934
2.99939
2.99939
