2.0296
2.01984
2.01954
2.01965
2.02006
2.01938
2.0192
2.01957
2.0197
2.01876
2.01775
2.0182
2.01797
2.01816
2.01837
2.01801
2.01726
2.0173
2.01695
2.01751
2.01629
2.01603
2.016
2.01603
2.01513
2.01499
2.01485
2.01431
2.01356
2.01363
2.0137
2.0125
2.01284
2.01222
2.01159
2.01189
2.01161
2.01037
2.01033
2.01
2.00946
2.00935
2.00822
2.00818
2.00756
2.00697
2.00614
2.00561
2.00574
2.005
2.00432
2.00364
2.00341
2.00301
2.00235
2.00195
2.00186
2.00144
2.00114
2.00103
2.00077
2.00058
2.00056
2.00039
2.00029
2.00023
2.00027
2.00012
2.00007
2.00008
2.00007
2.00008
2.00007
1.99999
2.00002
2.00003
2.00002
2.00001
1.99998
1.99999
2.00001
2.00002
1.99997
1.99999
1.99998
1.99996
1.99998
2.00001
1.99996
2.00001
2.00001
1.99999
1.99997
1.99999
1.99997
1.99998
1.99997
2.00001
1.99999
2.00002
