3.10008
3.02512
3.01608
3.0143
3.01267
3.01045
3.00862
3.00762
3.00586
3.00427
3.00296
3.00173
3.00066
2.9997
2.99892
2.99814
2.99769
2.99757
2.9975
2.99745
2.99754
2.99765
2.99783
2.99817
2.99838
2.99866
2.99892
2.99913
2.99947
2.9996
2.99971
2.99989
3.00005
3.00007
3.00023
3.00034
3.00036
3.00041
3.00047
3.00057
3.00058
3.0005
3.00062
3.00067
3.00076
3.00065
3.00072
3.00069
3.00074
3.00071
3.00075
3.00067
3.00071
3.00079
3.00078
3.00074
3.00075
3.00085
3.00078
3.00083
3.00088
3.00079
3.00078
3.0008
3.00081
3.00078
3.00074
3.00073
3.00078
3.00079
3.00079
3.0008
3.00074
3.00075
3.00069
3.00083
3.00078
3.00072
3.00078
3.00075
3.0008
3.00077
3.00076
3.00084
3.00083
3.00073
3.00082
3.00074
3.00075
3.00077
3.00078
3.0008
3.00085
3.00076
3.00078
3.00077
3.00077
3.00078
3.00085
3.00073
