2.02986
2.01943
2.02082
2.02052
2.02013
2.01978
2.02034
2.01892
2.01899
2.01867
2.01848
2.0189
2.01779
2.01783
2.01768
2.01766
2.01675
2.01752
2.01706
2.0171
2.01656
2.01615
2.01547
2.01639
2.01505
2.01496
2.0148
2.0137
2.01401
2.01412
2.01324
2.01314
2.01268
2.01255
2.01213
2.01169
2.01079
2.01088
2.01048
2.00959
2.00943
2.00928
2.00875
2.00808
2.00761
2.00685
2.00686
2.00624
2.00588
2.00516
2.0045
2.00394
2.00369
2.00319
2.00279
2.00256
2.00203
2.00172
2.00141
2.00121
2.00086
2.00079
2.00071
2.00039
2.00041
2.0003
2.00029
2.00013
2.00014
2.00009
2.00012
2.00005
2.00007
2
2.00006
2.00005
1.99998
2.00003
2.00002
2
1.99999
2
2
1.99996
2
1.99995
1.99999
2.00001
2.00001
2
2
1.99999
1.99997
1.99998
1.99999
2.00001
2.00001
1.99997
1.99998
1.99997
