174.447
173.835
173.36
173.527
173.399
172.99
172.69
172.266
171.297
172.033
171.431
170.788
170.612
170.153
170.232
169.547
169.438
169.198
169.371
169.61
168.887
168.755
168.772
168.572
168.478
168.381
167.926
168.358
168.243
168.061
167.94
168.226
168.031
167.602
167.606
167.405
167.697
167.25
167.327
167.061
167.043
167.042
166.696
167.127
166.534
166.345
166.527
166.502
166.409
166.066
165.847
166.153
165.846
166.082
166.503
166.421
165.917
165.883
165.636
166.034
165.552
165.634
165.382
165.895
165.318
165.736
165.5
165.434
165.344
165.224
165.061
165.301
164.991
164.989
165.342
164.98
164.896
164.888
164.704
164.689
165.057
164.796
164.784
164.454
164.456
164.369
164.442
164.707
164.355
164.461
164.841
164.501
164.122
164.283
164.058
164.125
164.034
163.967
164.174
164.268
164.294
163.844
163.946
163.851
163.889
163.902
164.026
163.774
163.748
163.92
163.637
163.973
163.74
163.675
163.772
163.684
163.719
163.675
163.589
163.4
163.455
163.595
163.452
163.534
163.336
164.134
163.332
163.67
163.596
163.42
163.189
163.311
163.464
163.57
163.16
163.379
163.275
162.951
163.112
163.124
163.035
163.101
162.95
163.159
163.019
163.035
163.353
162.911
162.837
163.176
163.131
164.183
163.026
163.112
162.79
163.105
162.974
162.826
162.947
162.741
163.303
163.04
162.622
162.881
162.762
162.666
162.8
162.657
162.679
162.655
162.875
162.998
162.826
162.799
162.665
162.694
162.915
162.871
162.773
162.772
162.624
162.542
162.543
162.777
162.907
162.39
162.696
162.473
162.605
162.931
162.704
162.493
162.357
162.498
162.449
162.478
162.429
162.328
162.427
162.366
162.142
162.498
162.489
162.014
162.629
162.564
162.43
162.287
162.321
162.249
162.002
162.241
162.171
162.247
162.088
162.026
162.378
161.974
162.612
162.336
161.936
162.077
161.792
161.997
162.111
162.425
162.518
162.25
162.088
162.02
162.176
162.433
162.194
162.274
162.056
162.062
162.196
162.194
162.068
161.942
161.978
161.85
161.82
161.964
161.96
161.782
162.061
161.669
161.77
162.098
161.786
161.52
161.662
161.878
162.153
162.063
161.836
162.225
162.128
161.761
162.124
161.801
161.904
161.729
161.789
161.852
161.985
161.825
161.806
161.606
161.703
161.801
162.023
162.181
161.888
161.694
161.706
161.786
162.122
161.561
161.835
162.054
162.097
161.804
161.687
161.7
161.658
162.014
161.785
161.694
161.871
161.636
161.577
161.602
161.652
162.037
161.755
161.899
161.331
161.873
161.584
161.442
161.599
161.564
161.526
161.614
161.426
161.525
161.354
161.61
161.739
161.486
161.895
161.552
161.544
161.486
161.428
161.381
161.296
161.47
161.591
161.319
161.247
161.408
161.701
161.452
161.427
161.346
161.299
161.238
161.225
161.427
161.411
161.158
161.412
161.385
161.248
161.436
161.44
161.139
161.715
161.381
161.049
161.372
161.377
161.108
161.196
161.429
161.391
161.451
161.199
161.129
161.105
161.363
161.211
161.203
160.828
161.193
161.316
161.353
161.227
160.992
161.231
161.045
161.255
161.308
160.979
161.078
161.081
161.317
161.329
160.923
161.166
161.076
161.217
161.1
161.167
161.334
160.935
161.061
161.083
161.222
161.135
160.908
161.211
161.107
161.145
160.814
161.012
161.039
161.088
161.001
160.984
161.078
161.026
161.15
160.93
161.15
160.888
160.861
160.952
160.831
161.012
161.013
160.826
160.557
161.212
161.373
160.92
160.895
161.054
160.973
161.094
161.183
161.163
160.693
160.868
161.143
160.831
160.835
160.957
160.802
160.811
160.743
160.804
161.025
161.098
160.798
161.127
160.778
160.911
161.243
160.866
160.737
160.595
160.966
160.673
160.959
160.807
161.05
161.013
160.941
160.777
161.14
160.6
160.91
161.253
160.776
160.847
160.685
160.836
160.936
160.687
160.893
160.823
160.701
160.936
160.853
160.578
160.55
160.767
160.69
160.659
160.524
160.652
160.65
160.657
160.522
160.715
160.591
160.706
160.662
160.889
160.728
160.939
160.934
160.591
160.451
160.715
160.713
160.952
160.68
160.817
160.459
160.749
160.657
160.616
160.485
160.661
160.615
160.585
160.636
160.659
160.456
160.51
160.649
160.613
160.659
160.721
160.662
160.697
160.653
160.64
160.572
160.686
160.747
160.75
160.725
160.333
160.783
160.389
160.771
160.574
160.528
160.699
160.468
160.592
160.684
160.42
160.469
160.597
160.42
160.905
160.439
160.484
160.368
160.402
160.498
160.717
160.437
160.694
160.495
160.567
160.482
160.521
160.471
160.175
160.765
160.547
160.462
160.712
160.421
160.506
160.424
160.423
160.382
160.515
160.354
160.495
160.328
160.287
160.562
160.348
160.355
160.741
160.574
160.512
160.598
160.419
160.463
160.588
160.634
160.587
160.335
160.313
160.408
160.263
160.476
160.667
160.337
160.434
160.562
160.382
160.322
160.569
160.607
160.16
160.261
160.487
160.369
160.39
160.32
160.42
160.493
160.398
160.494
160.281
160.368
160.318
160.225
160.445
160.433
160.436
160.602
160.477
160.266
160.327
160.358
160.204
160.353
160.35
160.491
160.487
160.444
160.54
160.371
160.332
160.268
160.338
160.131
160.392
160.392
160.403
160.214
160.132
160.398
160.254
160.245
160.283
160.268
160.23
160.419
160.441
160.37
160.363
160.435
160.295
160.485
160.145
160.325
160.238
160.57
160.41
160.362
160.196
160.302
160.316
160.27
160.197
160.371
160.263
160.252
160.403
160.45
160.104
160.296
159.962
160.204
160.195
160.256
160.086
160.29
160.404
160.096
160.091
160.174
160.06
160.571
159.969
160.219
160.496
160.233
160.401
160.226
160.111
160.116
160.181
160.176
160.17
160.259
160.16
160.062
160.279
160.124
160.37
160.196
160.495
160.544
160.106
160.084
160.195
160.098
160.171
160.321
160.026
160.214
160.398
160.086
159.966
160.163
160.23
159.971
160.295
160.347
159.997
160.33
159.925
159.976
160.103
160.155
160.198
160.031
160.002
160.182
160.255
160.315
160.124
160.194
159.92
159.841
160.649
160.25
160.002
159.803
160.202
160.193
160.288
160.19
160.198
160.06
160.042
160.06
160.052
160.295
159.967
160.186
160.166
160.18
160.245
160.232
160.003
160.114
160.176
159.973
159.938
160.118
160.229
160.092
159.998
160.161
160.133
160.255
160.03
160.134
160.116
160.247
160.212
160.245
160.3
160.081
160.187
159.971
159.995
159.906
160.035
160.21
160.003
159.972
160.227
160.171
159.898
160.37
159.886
159.92
160.149
160.092
160.019
160.278
160.206
160.234
160.199
160.222
160.112
160.063
159.986
160.266
160.116
160.361
160.171
160.099
160.028
160.08
160.063
160.274
160.096
160.008
160.361
159.943
160.055
159.911
160.031
160.196
160.06
160.093
159.937
159.961
159.913
160.274
160.009
160.191
160.069
159.903
159.975
159.931
160.212
160.122
160.194
159.95
160.176
160.085
160.143
160.058
159.985
159.959
159.876
160.147
159.98
159.987
160.13
160.033
160.063
160.087
160.183
160.025
159.963
159.97
159.929
159.892
159.864
160.057
159.916
159.995
160.071
159.953
160.022
160.191
160.023
159.935
160.25
160.021
159.963
160.166
159.922
160.239
159.898
159.927
159.91
160.07
160.021
159.737
159.834
159.88
160.069
159.797
160.021
159.864
159.816
159.874
160.042
159.862
159.949
160.089
160.141
159.997
159.866
159.84
159.891
159.912
159.976
160.141
159.818
160.102
159.926
159.885
159.941
159.702
159.925
160.088
159.595
159.94
160.131
160.088
160.02
159.753
159.958
159.844
159.991
159.761
159.826
160.123
159.975
159.918
159.969
159.901
159.712
159.909
159.783
159.652
159.8
159.832
159.978
159.879
159.67
159.773
159.99
159.824
159.762
159.699
160.015
159.759
159.877
159.861
159.778
159.855
159.776
159.866
159.84
159.821
159.856
159.854
159.822
159.44
159.855
159.735
159.808
159.799
159.834
159.677
159.799
159.637
159.652
159.927
159.749
159.858
160.007
159.672
159.721
159.841
159.865
159.633
159.872
159.844
159.855
159.782
159.789
159.763
159.838
159.842
159.591
159.731
159.708
159.833
159.74
159.629
159.841
159.822
159.672
159.737
159.874
159.701
159.839
159.818
159.679
159.826
159.875
159.786
160.037
159.837
159.888
159.93
159.891
159.717
159.819
159.939
159.81
159.665
159.732
159.798
159.845
159.855
159.849
159.727
160.039
159.697
159.88
159.679
160.062
159.703
159.884
160.042
159.792
159.83
159.674
159.609
159.742
159.993
159.831
159.722
159.953
159.842
