22.7724
21.6627
21.338
21.1894
21.1635
21.0602
21.0275
21.0144
20.9952
20.9795
20.9777
21.0351
20.9257
20.9142
20.9508
20.8877
20.8356
20.8656
20.8
20.7916
20.6791
20.7101
20.7042
20.6656
20.7439
20.6575
20.6941
20.6606
20.5984
20.6366
20.6609
20.6244
20.6283
20.632
20.5537
20.5692
20.5941
20.605
20.6023
20.6105
20.5405
20.6068
20.5769
20.5323
20.5834
20.5863
20.5591
20.5581
20.5611
20.5235
20.5181
20.5053
20.5317
20.5852
20.5156
20.5828
20.5839
20.5486
20.5657
20.5151
20.5326
20.4643
20.5167
20.5912
20.4832
20.5825
20.5312
20.5511
20.5187
20.5741
20.5716
20.5174
20.5151
20.5885
20.5149
20.5014
20.5198
20.5013
20.5378
20.5531
20.4565
20.4602
20.4789
20.5214
20.5121
20.5089
20.4929
20.5217
20.5112
20.4577
20.4832
20.5489
20.4507
20.5285
20.5024
20.4879
20.5131
20.4921
20.4532
20.5364
20.5308
20.4979
20.4519
20.507
20.4593
20.4714
20.4393
20.4874
20.4319
20.4747
20.4737
20.4638
20.439
20.4326
20.3992
20.3907
20.4317
20.4651
20.4837
20.4677
20.4426
20.4674
20.4356
20.498
20.4585
20.4006
20.4398
20.4029
20.5266
20.5097
20.5006
20.4391
20.4297
20.4254
20.4618
20.4181
20.4686
20.3832
20.4635
20.4071
20.4065
20.4203
20.4566
20.4374
20.4787
20.4455
20.443
20.4012
20.4479
20.4601
20.4357
20.4396
20.4223
20.4857
20.4574
20.4006
20.4182
20.4171
20.4039
20.4346
20.3731
20.4616
20.4369
20.4218
20.4354
20.4451
20.4393
20.4093
20.3974
20.4396
20.4357
20.4545
20.4053
20.4452
20.4326
20.4303
20.4024
20.408
20.3924
20.403
20.4827
20.4975
20.4122
20.4064
20.3678
20.3952
20.4185
20.3647
20.3821
20.4537
20.3845
20.3734
20.3855
20.3926
20.4217
20.3805
20.402
20.4101
20.4015
20.41
20.4038
20.4125
20.4377
20.3754
20.3615
20.3908
20.3875
20.4599
20.3941
20.34
20.3879
20.4118
20.4494
20.3619
20.4532
20.3479
20.3741
20.4059
20.3696
20.4056
20.3943
20.3528
20.4004
20.3348
20.3774
20.3968
20.3711
20.3493
20.4169
20.3867
20.4142
20.3742
20.388
20.405
20.4014
20.3677
20.3496
20.359
20.3319
20.3698
20.345
20.3704
20.3555
20.3813
20.3508
20.372
20.3923
20.3583
20.3673
20.3429
20.3362
20.3491
20.3578
20.3715
20.3453
20.3792
20.3545
20.3777
20.3627
20.346
20.3857
20.4269
20.3346
20.3314
20.362
20.3514
20.4131
20.4064
20.3577
20.3533
20.3718
20.3923
20.3193
20.3174
20.3309
20.3064
20.3189
20.2779
20.3296
20.3813
20.3248
20.3164
20.3401
20.3098
20.344
20.3798
20.3055
20.3212
20.3949
20.3607
20.2831
20.3858
20.3763
20.3536
20.3081
20.3817
20.3681
20.3644
20.3386
20.3184
20.412
20.3152
20.307
20.335
20.3484
20.2919
20.3667
20.3553
20.3111
20.3762
20.3306
20.3014
20.4375
20.3155
20.3472
20.306
20.3369
20.3517
20.3204
20.349
20.2848
20.354
20.2923
20.3375
20.3446
20.3755
20.3537
20.3251
20.3201
20.3951
20.3103
20.362
20.3033
20.366
20.3222
20.3166
20.4184
20.3532
20.3797
20.3481
20.359
20.2853
20.3157
20.3311
20.3426
20.2841
20.3405
20.3325
20.3628
20.3286
20.3236
20.3113
20.3135
20.3315
20.32
20.3676
20.3496
20.307
20.3135
20.3911
20.3388
20.345
20.3683
20.3406
20.3024
20.3449
20.3989
20.2811
20.3034
20.3603
20.2653
20.3594
20.3806
20.3249
20.362
20.3396
20.3286
20.3303
20.3509
20.2556
20.293
20.3556
20.3351
20.3289
20.3609
20.2954
20.296
20.3384
20.3024
20.3895
20.345
20.2659
20.2821
20.3139
20.3253
20.3941
20.2969
20.325
20.2896
20.286
20.2995
20.3593
20.253
20.2863
20.3259
20.3068
20.3555
20.2966
20.3518
20.3292
20.3509
20.3237
20.3514
20.3113
20.2687
20.3547
20.2628
20.352
20.2781
20.3475
20.3289
20.2737
20.3205
20.3779
20.3081
20.3175
20.2539
20.3021
20.3304
20.2693
20.2824
20.3355
20.3425
20.2996
20.3259
20.3036
20.3517
20.3554
20.2819
20.2907
20.3171
20.2843
20.2928
20.2976
20.3338
20.4119
20.3771
20.307
20.3106
20.3184
20.283
20.3214
20.2981
20.3658
20.2669
20.2581
20.2639
20.2802
20.3129
20.2982
20.3339
20.2736
20.345
20.2995
20.3708
20.305
20.2679
20.2792
20.3084
20.3313
20.3503
20.2996
20.2865
20.2976
20.2971
20.3112
20.2617
20.2944
20.2694
20.347
20.2442
20.2993
20.291
20.3103
20.3117
20.3302
20.3427
20.2744
20.2699
20.2716
20.3468
20.3556
20.3089
20.3165
20.2673
20.2935
20.3584
20.3199
20.307
20.3013
20.3497
20.3231
20.3783
20.3284
20.2995
20.3057
20.2965
20.3339
20.2588
20.2652
20.2887
20.3275
20.3024
20.2846
20.3305
20.2935
20.3112
20.3301
20.2626
20.2713
20.2536
20.3146
20.2358
20.2946
20.3376
20.2977
20.2578
20.2859
20.2877
20.3184
20.298
20.2778
20.2829
20.3402
20.2719
20.3352
20.2999
20.2189
20.2811
20.2651
20.2781
20.2584
20.2774
20.2498
20.2837
20.2667
20.2954
20.3142
20.2834
20.2858
20.2923
20.2712
20.2862
20.2586
20.2599
20.2726
20.2629
20.3055
20.266
20.2821
20.3381
20.3061
20.2588
20.298
20.2579
20.3296
20.2396
20.2621
20.2897
20.2962
20.3126
20.2897
20.2906
20.2061
20.2941
20.3094
20.2688
20.3829
20.2481
20.2413
20.3646
20.3294
20.2655
20.3993
20.2887
20.2696
20.2424
20.2582
20.3085
20.2951
20.2984
20.2154
20.3229
20.2482
20.3175
20.3141
20.2455
20.2697
20.2725
20.2552
20.2318
20.3207
20.2417
20.2744
20.29
20.3329
20.2771
20.203
20.2804
20.2391
20.2777
20.2873
20.2763
20.2457
20.2313
20.2777
20.2526
20.2554
20.2294
20.3051
20.2791
20.2903
20.2494
20.2232
20.2577
20.2439
20.211
20.3096
20.2687
20.4675
20.3363
20.2786
20.2758
20.2948
20.2872
20.2818
20.2807
20.2766
20.2369
20.261
20.2719
20.2962
20.2478
20.2658
20.2919
20.2764
20.296
20.3667
20.2902
20.2943
20.2951
20.2616
20.3168
20.3034
20.2901
20.3028
20.2565
20.2418
20.2777
20.3009
20.2808
20.2458
20.2688
20.2543
20.31
20.2179
20.3184
20.2583
20.2327
20.233
20.2981
20.2798
20.2785
20.2767
20.2751
20.2531
20.2989
20.2385
20.2595
20.2691
20.2551
20.2232
20.3021
20.2309
20.2846
20.3661
20.2422
20.2644
20.2497
20.2778
20.2427
20.2506
20.2388
20.2859
20.2288
20.2378
20.3222
20.2828
20.3072
20.2615
20.2606
20.2519
20.2721
20.2489
20.2747
20.2847
20.2953
20.285
20.2166
20.2686
20.258
20.1933
20.2765
20.2331
20.2823
20.2669
20.2511
20.253
20.3076
20.2789
20.2761
20.2578
20.2593
20.2757
20.2476
20.2426
20.2662
20.3437
20.2844
20.294
20.2409
20.2882
20.2655
20.2988
20.2317
20.2888
20.3116
20.2553
20.2769
20.2824
20.1903
20.3086
20.2338
20.2815
20.2318
20.2506
20.2887
20.2651
20.2987
20.2534
20.278
20.2918
20.2892
20.3129
20.221
20.2661
20.2356
20.2581
20.2223
20.2763
20.2377
20.2452
20.2623
20.2986
20.2305
20.2019
20.247
20.3195
20.3555
20.2582
20.2289
20.1881
20.2385
20.2556
20.2609
20.2696
20.2322
20.2177
20.1927
20.233
20.253
20.2482
20.2094
20.265
20.2548
20.2561
20.2256
20.2545
20.2772
20.2417
20.2681
20.2678
20.2116
20.2757
20.3153
20.2981
20.1775
20.3177
20.2378
20.2374
20.2585
20.2361
20.3316
20.2799
20.2552
20.2486
20.1957
20.2476
20.2785
20.2221
20.2039
20.2316
20.2527
20.218
20.3224
20.2655
20.2101
20.2273
20.2965
20.1994
20.2841
20.2737
20.2752
20.2257
20.2179
20.2403
20.2485
20.2416
20.2539
20.2471
20.2762
20.2548
20.2117
20.2503
20.2618
20.2779
20.2745
20.2798
20.2167
20.1978
20.3226
20.232
20.2832
20.2676
20.2089
20.2657
20.2317
20.2748
20.2464
20.2898
20.2194
20.2296
20.2042
20.2117
20.2878
20.2712
20.2076
20.2649
20.2182
20.2648
20.1884
20.2794
20.2992
20.2367
20.2716
20.2236
20.2741
20.2377
20.2387
20.2925
20.2325
20.2549
20.2254
20.2511
20.2784
20.2793
20.1853
20.2568
20.252
20.2406
20.2411
20.2393
20.2384
20.2123
20.3512
20.4409
20.2294
20.2915
20.2323
20.2534
20.2361
20.2399
20.2451
20.2074
20.2072
20.2818
20.2822
20.2539
20.2306
20.2656
20.2937
20.233
20.2004
20.2348
20.2496
20.2739
20.3402
20.2673
20.2271
20.3086
20.2873
20.2272
20.2781
20.277
20.2124
20.2413
20.2138
20.2111
20.2002
20.2332
20.2844
20.2071
20.1803
20.2375
20.2168
20.1952
20.2002
20.2667
20.2848
20.3806
20.2923
20.263
20.2039
20.2178
20.2455
20.2785
20.2503
20.2106
20.2344
20.2078
20.2993
20.2405
20.2003
20.2298
20.2341
20.2281
20.2343
20.2405
20.2655
20.2508
20.2279
20.2244
20.3016
20.2306
20.234
20.2114
20.2772
20.2509
20.317
20.2256
20.2322
20.2885
20.2048
20.2528
20.2135
20.1718
20.1897
20.2692
20.2061
20.2466
20.2691
20.2549
20.2269
20.2649
20.2587
20.1978
20.266
20.2531
20.2365
20.2287
20.2914
20.2411
20.2539
20.3352
20.1608
20.2102
20.1848
20.2537
20.1739
20.2354
20.2804
20.2732
20.2191
20.2111
20.2559
20.2032
20.2174
20.1781
20.1835
20.2477
20.2021
20.2424
20.2192
20.2613
20.2154
20.2502
20.237
20.1866
20.1752
20.1933
20.3179
20.2895
20.2694
20.226
20.2186
20.2334
20.2193
20.2301
20.2912
20.2371
20.2431
20.2228
20.2374
20.1924
20.2687
20.2404
20.2667
20.2375
20.2591
20.2503
20.2102
20.1848
20.227
20.2035
20.2539
20.2365
20.2179
20.2108
20.2337
20.3095
20.2819
20.3244
20.2566
20.2613
20.2162
20.2775
20.2376
20.1908
20.2399
20.2695
20.1916
20.1991
20.2197
20.2916
20.3201
20.2514
20.2245
20.2285
20.2241
20.2561
20.2991
20.2699
20.2898
20.2811
20.1628
20.1956
20.2048
20.1978
20.337
20.2111
20.2368
20.2531
20.2034
20.1659
20.2462
20.1853
20.2458
20.2606
20.2589
20.2707
20.2474
20.2045
20.2368
20.1826
20.2199
20.1859
20.1915
20.4224
20.2551
20.1842
20.2496
20.1487
20.2131
20.2288
20.2487
20.2113
20.214
20.1883
20.2364
20.2336
20.1971
20.2582
20.2424
20.2331
20.1897
20.1752
20.2543
20.2165
20.2071
20.2697
20.2154
20.2483
20.2489
20.23
20.2334
20.1841
20.2149
20.2259
20.2765
20.2042
20.2222
20.1684
20.2157
20.2337
20.2527
20.1768
20.1515
20.2474
20.1991
20.1847
20.2248
20.1879
20.2222
20.2089
20.2801
20.2193
20.2165
20.2483
20.2424
20.382
20.2673
20.257
20.1908
20.2386
20.2027
20.1718
20.2479
20.2426
20.191
20.2131
20.248
20.3307
20.2259
20.2525
20.2437
20.225
20.1809
20.2046
20.1864
20.1924
20.214
20.2827
20.1652
20.2001
20.231
20.2477
20.2206
20.1949
20.202
20.2275
20.2254
20.2589
20.2601
20.1775
20.2279
20.1578
20.1967
20.2042
20.258
20.2126
20.183
20.1853
20.2434
20.2868
20.2448
20.2211
20.2286
20.2309
20.1901
20.2362
20.1914
20.2088
20.2342
20.2239
20.2131
20.2251
20.2046
20.247
20.2104
20.2403
20.198
20.2096
20.2502
20.2441
20.2661
20.18
20.1815
20.2205
20.2325
20.2081
20.2397
20.2507
20.2609
20.1914
20.1901
20.1637
20.1948
20.2325
20.2402
20.2387
20.1714
20.1723
20.1894
20.1627
20.2263
20.2534
20.2503
20.1571
20.1985
20.2302
20.2309
20.2655
20.1995
20.2106
20.1956
20.2064
20.1973
20.2671
20.1794
20.2091
20.219
20.1921
20.2325
20.1795
20.1995
20.2193
20.2047
20.2918
20.1923
20.2215
20.2853
20.2411
20.2305
20.2067
20.1931
20.2861
20.3258
20.2523
20.2791
20.225
20.2156
20.2353
20.1758
20.1769
20.2305
20.2054
20.2262
20.2224
20.2415
20.1749
20.278
20.155
20.2391
20.2296
20.2172
20.1912
20.2073
20.2127
20.201
20.2482
20.2175
20.279
20.2095
20.1832
20.2199
20.1841
20.1969
20.1934
20.1999
20.2195
20.1695
20.2502
20.2307
20.1661
20.2592
20.1837
20.3151
20.2536
20.2198
20.2233
20.2135
20.2335
20.2528
20.2464
20.1651
20.2101
20.2209
20.2157
20.2128
20.1995
20.1913
20.2031
20.2015
20.2612
20.2167
20.3292
20.2517
20.2534
20.218
20.271
20.1931
20.2379
20.1877
20.2039
20.17
20.1601
20.1974
20.2286
20.212
20.2672
20.2455
20.2297
20.1926
20.1891
20.2309
20.2494
20.1737
20.1742
20.215
20.2343
20.2195
20.19
20.227
20.2403
20.2115
20.1917
20.1589
20.2048
20.1991
20.2074
20.2284
20.2185
20.2534
20.233
20.1988
20.2319
20.2115
20.2144
20.1811
20.2202
20.236
20.2373
20.235
20.1962
20.1794
20.2058
20.2779
20.1684
20.2176
20.214
20.2071
20.1998
20.1939
20.2154
20.2001
20.1784
20.2262
20.2263
20.2044
20.1969
20.1563
20.2247
20.2082
20.193
20.187
20.1906
20.2223
20.2178
20.1805
20.1338
20.2486
20.2211
20.2146
20.2291
20.2463
20.1938
20.2156
20.2105
20.2089
20.2829
20.266
20.2283
20.2072
20.2501
20.1917
20.1986
20.1942
20.1817
20.1923
20.2316
20.2054
20.1939
20.1745
20.1696
20.166
20.1964
20.1913
20.2235
20.2009
20.2145
20.1642
20.2579
20.2044
20.2115
20.2804
20.2288
20.2177
20.177
20.1977
20.2427
20.1798
20.2182
20.191
20.1543
20.2112
20.262
20.28
20.2056
20.2139
20.2133
20.162
20.2412
20.2685
20.1682
20.2266
20.2343
20.2086
20.2134
20.19
20.2041
20.2202
20.2469
20.2856
20.2284
20.1793
20.2335
20.1941
20.2613
20.1636
20.2404
20.1888
20.2409
20.2708
20.2537
20.1865
20.2022
20.3159
20.1853
20.2317
20.2253
20.1916
20.1854
20.1855
20.202
20.1558
20.2128
20.2373
20.2302
20.2226
20.1822
20.2207
20.2462
20.1976
20.1894
20.2285
20.1778
20.2384
20.2149
20.1404
20.1696
20.1881
20.2455
20.2401
20.2809
20.2297
20.208
20.1807
20.2073
20.2293
20.2108
20.3135
20.2957
20.2133
20.2772
20.2631
20.1829
20.2243
20.2755
20.2171
20.2137
20.1983
20.2374
20.2276
20.2761
20.2946
20.2214
20.2224
20.2357
20.2469
20.1998
20.2332
20.2171
20.2341
20.2237
20.2132
20.2135
20.2209
20.2155
20.1868
20.2481
20.2134
20.2242
20.2902
20.2091
20.1919
20.2522
20.1901
20.1757
20.198
20.1615
20.1978
20.1992
20.2089
20.1959
20.2183
20.206
20.2129
20.1861
20.196
20.1614
20.1982
20.1963
20.2599
20.1934
20.1977
20.2381
20.2703
20.1859
20.2192
20.2185
20.1983
20.1936
20.173
20.3065
20.1969
20.1814
20.2072
20.2125
20.1758
20.2017
20.2097
20.2574
20.193
20.1928
20.2064
20.2065
20.1885
20.2111
20.1904
20.1742
20.1643
20.2506
20.2814
20.2314
20.2308
20.1889
20.214
20.1566
20.1889
20.204
20.2255
20.1731
20.2973
20.3421
20.2755
20.1813
20.1758
20.2329
20.2369
20.2485
20.2138
20.1816
20.243
20.2175
20.2115
20.2809
20.2077
20.1807
20.2014
20.2198
20.1934
20.2467
20.1356
20.1869
20.1722
20.1978
20.2587
20.2175
20.1736
20.2394
20.2053
20.1916
20.209
20.2178
20.2052
20.221
20.233
20.1775
20.1543
20.2643
20.1525
20.2437
20.1782
20.2335
20.2087
20.2658
20.1855
20.1758
20.1541
20.1812
20.1686
20.2027
20.1612
20.2704
20.2615
20.2003
20.1978
20.2192
20.2089
20.2749
20.2509
20.2208
20.2013
20.2033
20.1913
20.2365
20.2114
20.1749
20.1709
20.1655
20.2362
20.1681
20.2146
20.1656
20.1822
20.2497
20.2014
20.174
20.1733
20.2469
20.1977
20.192
20.1734
20.2104
20.1979
20.2066
20.2013
20.2437
20.2463
20.2038
20.1918
20.1931
20.2063
20.1896
20.2344
20.2647
20.2759
20.2057
20.2014
20.2392
20.1973
20.2034
20.2229
20.2188
20.1917
20.2528
20.1911
20.1392
20.1944
20.1319
20.2055
20.1765
20.235
20.2259
20.1843
20.1396
20.1741
20.1637
20.1581
20.2499
20.2269
20.2269
20.2269
20.1911
20.1611
20.2088
20.3017
20.2606
20.24
20.1819
20.2305
20.1998
20.1562
20.2217
20.2549
20.2318
20.1813
20.1951
20.1751
20.1706
20.2695
20.2081
20.1944
20.1641
20.2097
20.2261
20.2249
20.1537
20.1945
20.1709
20.1869
20.1484
20.2404
20.1676
20.1599
20.231
20.2369
20.21
20.1895
20.1877
20.1711
20.2239
20.1433
20.1534
20.2694
20.2485
20.2223
20.2071
20.2452
20.1692
20.2561
20.2248
20.1388
20.2886
20.2818
20.1724
20.2378
20.212
20.186
20.2083
20.1561
20.1494
20.1606
20.2503
20.2175
20.1659
20.2381
20.1671
20.2204
20.2219
20.2118
20.1941
20.1737
20.2585
20.199
20.1622
20.1731
20.2035
20.1944
20.2299
20.1994
20.279
20.2057
20.2384
20.2621
20.1729
20.1574
20.1632
20.2088
20.2162
20.1616
20.2102
20.2474
20.1603
20.2061
20.2036
20.1514
20.2125
20.2514
20.2579
20.1877
20.184
20.1415
20.2003
20.178
20.2506
20.192
20.2449
20.2545
20.193
20.1929
20.213
20.163
20.1899
20.1814
20.2279
20.1996
20.1533
20.1608
20.2178
20.1546
20.1989
20.1797
20.1628
20.1658
20.2195
20.1917
20.1783
20.1908
20.1726
20.2
20.1485
20.2066
20.2042
20.1584
20.1707
20.1689
20.1925
20.2159
20.239
20.1595
20.1648
20.1885
20.2437
20.1665
20.1917
20.1704
20.2414
20.2284
20.1661
20.1962
20.2683
20.2765
20.2489
20.1965
20.1719
20.2242
20.1423
20.1527
20.2299
20.1881
20.2204
20.2354
20.1895
20.2272
20.1838
20.2016
20.1574
20.2241
20.2097
20.1658
20.1451
20.1629
20.1795
20.1754
20.1932
20.1695
20.2347
20.1578
20.1899
20.1892
20.1533
20.1533
20.1759
20.1824
20.186
20.184
20.2448
20.1929
20.26
20.1804
20.1175
20.1921
20.2174
20.1857
20.1963
20.1692
20.1682
20.1857
20.2104
20.225
20.1699
20.216
20.1439
20.1776
20.1667
20.1821
20.1706
20.1253
20.1961
20.2408
20.1843
20.173
20.1492
20.2349
20.1872
20.1497
20.1816
20.1464
20.1672
20.1852
20.1601
20.1577
20.2176
20.2041
20.1975
20.2297
20.1349
20.1655
20.2266
20.2223
20.1953
20.1386
20.2472
20.2588
20.1758
20.2506
20.2052
20.2011
20.1488
20.215
20.1951
20.2112
20.2469
20.2105
20.2194
20.1818
20.1666
20.1793
20.1895
20.1968
20.1653
20.1629
20.1931
20.1679
20.2039
20.24
20.1466
20.2333
20.1569
20.2204
20.1907
20.2747
20.3008
20.1276
20.1521
20.2531
20.1742
20.1971
20.1967
20.1896
20.1864
20.202
20.1658
20.2257
20.2255
20.1999
20.1785
20.1871
20.1876
20.2538
20.1444
20.1537
20.134
20.1932
20.2215
20.1574
20.2381
20.2018
20.1923
