70.4625
70.1267
69.992
69.5273
69.3776
69.2993
69.1236
69.0687
69.0207
68.6461
68.6846
68.5162
68.5643
68.3887
68.5837
68.5559
68.5338
68.3692
68.2798
68.2891
68.2889
68.112
68.1674
68.1024
68.0677
68.0051
68.0492
68.0449
67.9381
67.7206
67.9713
67.8833
67.7698
67.7623
67.7835
67.7303
67.8019
67.7493
67.9343
67.7892
67.7285
67.6622
67.692
67.6131
67.6361
67.6512
67.5381
67.7055
67.7257
67.8124
67.5557
67.6287
67.6343
67.5243
67.6349
67.5873
67.577
67.4737
67.4711
67.5468
67.5566
67.4745
67.5233
67.5283
67.5662
67.5605
67.4238
67.3903
67.5549
67.3692
67.5271
67.4229
67.4505
67.4399
67.4069
67.5011
67.4114
67.3457
67.4017
67.3705
67.3513
67.3463
67.4598
67.2904
67.3632
67.4026
67.4342
67.3313
67.2539
67.3971
67.2702
67.3832
67.1912
67.262
67.3252
67.3416
67.3241
67.3621
67.3037
67.2708
67.2804
67.2767
67.2458
67.3766
67.0984
67.2992
67.2025
67.1553
67.2236
67.2313
67.2281
67.2254
67.2126
67.2598
67.519
67.2911
67.2178
67.137
67.0658
67.1564
67.1868
67.2184
67.153
67.2381
67.1615
67.268
67.2078
67.1663
67.1551
67.0519
67.0997
67.1915
67.1236
67.0943
67.0868
67.1354
67.128
67.0795
67.1203
67.1488
66.9819
67.1312
67.1448
67.1849
67.0888
67.1214
67.0574
67.1171
67.1243
67.1294
67.0183
67.1094
67.0106
67.2156
67.0641
67.0095
67.1056
67.1254
67.1809
67.121
67.1206
67.083
67.0735
67.0935
67.0422
67.0541
67.1329
67.1349
67.1049
67.0852
67.0506
66.9754
67.144
67.0697
67.0883
67.0441
67.1578
67.0396
67.1035
67.1167
67.0695
67.1703
67.0705
67.1178
67.1117
67.0466
67.0777
66.9694
67.1196
67.0059
67.0131
67.0537
67.0124
67.0102
67.0629
67.1126
67.1146
67.0212
66.9064
67.0347
67.0168
66.9641
67.0322
67.1111
66.9899
67.1323
66.9712
66.9934
66.9852
66.9842
67.1192
67.0319
67.0506
67.0913
66.9338
67.0401
67.0302
67.0162
67.0739
67.0335
67.0313
67.0506
66.931
67.0432
66.9274
66.9576
66.9356
66.9416
66.9991
66.9099
67.0664
66.9813
66.9899
67.0227
67.0172
67.0695
66.9897
67.031
66.9738
67.0369
67.1094
66.9807
67.0391
66.9832
67.0327
67.0145
67.0269
67.0052
66.9526
66.9871
67.0299
67.0452
66.9914
66.9961
66.9564
67.0468
66.984
67.1228
67.0937
67.0579
66.9916
67.1016
66.9644
67.0083
66.9353
67.0029
67.0772
67.0004
67.063
67.03
66.9628
66.9839
67.1058
66.9762
66.9655
67.0223
66.9584
67.0706
66.9089
67.1277
67.1107
66.8928
66.9559
66.8833
66.9997
67.072
66.943
66.9304
67.0224
66.9046
67.0252
67.0573
67.1197
66.9101
66.9424
67.1119
66.9987
66.9844
66.9951
67.0139
66.9074
67.0098
67.0111
66.9741
66.9234
66.8427
67.1267
66.9445
67.0819
66.9867
66.8672
66.8946
66.8272
67.0379
67.0379
66.9363
67.0336
66.9735
66.9609
67.0713
66.961
66.9622
66.8455
66.8951
66.9948
66.9963
66.9397
66.9519
66.9395
66.9025
67.1039
66.9759
67.0365
66.9232
66.9882
66.917
66.9249
66.8848
66.9809
67.0168
66.9106
66.9576
67.0169
66.8185
66.9003
67.0313
66.9025
67.0002
66.972
66.9592
67.0152
66.9006
66.9469
67.0171
66.9303
66.9834
66.9016
66.9026
67.023
66.956
67.0103
67.0258
67.0443
67.0055
66.98
66.9891
66.9727
66.9944
66.951
66.9356
67.0611
66.9878
66.9801
67.0872
66.9584
67.1264
67.071
66.9155
66.9208
66.948
66.9359
66.9299
67.0688
66.9801
66.9986
66.9083
66.9807
66.8809
66.9331
66.9001
66.9825
66.9648
67.0239
66.9898
67.0593
66.792
66.9249
66.9752
66.9393
66.8375
66.9899
66.9485
67.0572
67.0847
66.9565
66.899
67.0214
66.9105
66.8902
66.8991
67.0497
66.9642
66.9286
66.9447
67.0168
66.9173
66.9173
66.938
66.973
66.9954
67.0834
66.9988
66.9054
66.9574
66.9986
67.0036
66.8874
66.8387
66.9783
66.9028
66.9928
67.0281
66.8826
66.9193
67.1113
66.9249
66.9871
66.9437
66.984
66.897
66.8712
66.9715
67.0031
66.8398
66.9111
66.902
66.9862
67.047
66.9111
66.9815
66.9267
66.8598
66.8801
66.9821
66.9773
66.9516
66.9536
66.8589
66.8323
66.8932
66.9328
66.9273
66.9343
66.8361
66.8952
66.8798
66.8917
66.9689
67.004
66.8554
66.9655
66.8299
66.8765
66.881
66.905
66.9835
66.9988
67.0127
66.9123
66.924
67.0754
66.9673
67.0737
66.9396
67.0001
66.9541
66.8717
66.877
67.0145
66.9622
66.9666
66.9894
66.9499
66.8807
66.951
66.9528
67.0784
66.9611
66.9134
66.8768
66.927
66.9748
66.9669
67.0216
66.8746
66.8836
66.927
66.854
66.9202
66.9606
66.9559
66.9178
66.8466
66.8966
66.9153
67.0183
66.9558
67.0449
66.917
66.9247
66.8374
67.1406
67.0118
66.97
66.9613
66.8758
66.9225
66.9147
66.9264
66.8913
66.9224
66.8414
66.8971
66.9869
66.8601
66.8668
67.0274
66.8835
66.9142
66.8352
66.9432
66.974
66.8526
66.9307
66.8841
66.9155
66.8372
66.775
66.9348
66.8591
66.9031
66.9639
66.8363
66.8737
66.8409
67.0712
66.9011
66.8472
67.0178
66.9105
66.9042
66.9184
66.9437
66.8865
66.9461
66.969
66.9508
66.9639
66.9664
66.9271
67.0238
66.9325
66.92
66.8355
66.9377
66.8794
66.8598
66.9251
66.9458
66.8546
66.8148
66.8915
66.9003
66.8145
66.813
66.9685
66.7931
66.8849
66.9594
66.9327
66.8358
66.8709
66.9185
66.8801
66.9096
66.9347
66.8827
66.8747
66.9316
66.8664
66.914
66.8234
66.8418
66.8367
66.9036
66.8428
66.9231
66.9174
66.9254
66.9255
66.917
66.8601
66.8703
66.8083
66.9343
67.0339
66.9035
66.9323
66.8813
66.8684
66.994
66.9051
66.9584
66.9081
66.9304
66.9742
66.9091
66.9179
67.0392
66.9675
66.9676
66.9908
66.8778
67.0015
66.7683
66.9643
66.8569
66.9117
67.0128
66.9241
66.8869
66.9374
67.0577
66.8829
67.0139
66.9485
66.9742
66.9593
67.0053
66.9446
67.0374
66.9003
66.8913
66.8712
66.9095
66.9058
66.8878
66.8693
66.9161
66.9651
66.9043
66.848
66.8691
66.9577
66.8927
66.891
66.8737
66.9374
66.8072
66.9599
66.8858
66.9818
66.9548
66.9465
66.9691
66.8939
66.8322
66.9469
66.8466
66.9112
66.8174
66.8948
66.8653
66.8816
66.8985
66.9135
66.9607
66.9605
67.0172
66.9722
66.847
67.0628
66.9326
66.9762
66.9928
66.9702
66.932
66.8654
66.8661
66.977
66.9598
66.951
66.931
66.9366
66.9428
66.9141
66.8401
66.9949
66.8992
67.0311
66.9524
66.9807
66.9201
67.0034
66.9862
66.84
67.0382
67.0043
66.9401
66.8218
66.859
66.9062
66.9723
66.8709
66.8643
66.9208
66.9591
66.8915
66.9776
66.9119
67.0326
66.9035
66.8799
66.892
66.8559
67.0275
66.8546
66.9723
66.8856
66.9709
66.8888
66.9647
66.994
66.9911
66.9905
66.8253
66.9059
66.946
67.0302
67.0202
66.9147
66.8812
66.9664
66.9688
66.8763
66.8011
66.8906
66.9691
66.9847
66.8285
66.9444
66.8963
66.9376
67.0294
66.8902
66.8321
66.9555
66.8757
66.9201
66.93
66.8945
66.978
67.0051
66.9249
66.9477
66.8647
67.0222
66.9303
66.9813
66.8337
66.952
66.9377
66.9783
66.8444
66.9061
66.876
66.9592
66.9979
66.9587
66.9279
66.8389
66.9654
66.846
67.0045
66.8851
66.8815
66.9627
66.9295
66.8424
66.961
66.8572
66.8774
66.9373
66.8902
66.88
66.906
66.8707
66.8819
66.9306
66.9119
66.9443
66.9965
66.9661
66.9212
66.8927
67.0315
66.9255
66.9825
66.8978
66.9444
67.0199
66.9388
66.9351
67.0422
66.9813
66.9844
66.9135
66.9074
66.9404
66.8296
66.8698
66.8631
66.879
66.9207
66.9221
67.0316
66.9782
66.8893
66.9076
67.0668
66.9845
66.8445
66.9963
66.8889
66.9431
66.9439
66.8223
66.9173
67.0126
66.8827
67.0406
66.9515
67.0286
66.7625
67.034
66.8927
66.7922
66.947
66.9368
66.9412
66.8782
66.908
66.9148
66.945
66.8012
66.8935
66.9152
66.8412
66.9323
66.8738
66.9297
67.0672
66.927
66.8187
66.9192
66.8738
66.7994
66.8953
66.9505
66.8936
66.9637
66.8934
66.9485
66.845
66.8545
66.8638
66.8975
66.8657
66.8581
66.9371
66.898
66.9188
66.9143
66.8878
66.8374
66.8211
66.8478
66.803
66.9071
66.8946
66.8078
67.0114
66.6995
66.814
66.8821
66.9361
66.9203
66.8532
66.7689
66.8062
66.8047
66.9013
66.9257
66.9403
67.0161
66.9021
66.8218
66.9145
66.8514
66.8772
66.9461
66.9514
66.9012
66.9645
66.886
66.8314
66.8805
66.9624
66.9038
66.9668
66.9584
66.8571
66.8609
66.8191
66.9255
66.9062
66.8843
66.9092
66.8851
66.8261
66.8563
66.9232
66.9639
66.9071
66.9184
66.9095
66.878
66.8977
66.8483
66.9164
66.8355
66.8823
66.7898
66.9445
67.0962
66.8713
66.8729
66.8607
66.8752
66.9886
66.9655
66.8611
67.0291
67.0202
66.9533
66.8976
66.9492
66.9257
66.8372
66.8695
66.9716
66.8576
66.8919
66.9288
66.9362
66.9334
66.8669
66.9529
66.983
66.867
66.9099
66.963
66.9293
66.9164
66.9251
66.8378
66.9621
66.9587
66.9072
66.8877
66.9009
66.8599
66.9056
67.0466
66.8365
66.899
66.9883
66.8875
66.8933
66.9628
