22.8305
22.6998
22.6523
22.7312
22.5783
22.6526
22.8675
22.9051
22.8019
22.8302
22.802
22.9474
22.8237
22.7784
22.8101
22.7621
22.8367
22.8785
22.7515
22.8303
22.7328
22.8468
22.7885
22.7088
22.6609
22.7844
22.9078
22.8418
22.7347
22.9196
22.9759
22.8334
22.8364
22.6908
23.0529
22.7626
22.9811
22.9923
23.023
22.8449
22.7981
22.6519
22.8102
22.7841
22.7217
22.8637
22.8448
22.8879
22.8711
22.7636
22.8272
22.7318
22.7102
22.8073
23.0581
22.7598
22.8104
22.7324
22.8178
22.8975
22.7801
22.7575
22.8342
22.8006
22.9519
22.7914
22.8992
22.7371
22.8881
22.9355
22.8122
22.9302
22.8433
22.8271
22.7713
22.7616
22.8068
22.7044
23.0276
22.7968
22.7229
22.7871
22.8275
22.7544
22.7571
22.7744
22.8708
22.7976
22.6749
22.8594
22.8064
22.9113
22.6077
22.6418
22.802
22.7962
22.777
22.7003
22.8725
22.8196
22.7406
22.8193
22.5582
22.6059
22.8626
22.6596
22.9797
22.8262
22.7414
22.8
22.6711
22.798
22.7578
22.9306
22.7341
22.8991
22.7753
22.7164
22.7815
22.8787
22.8147
22.726
22.7181
22.667
22.7211
22.8084
22.8778
22.8565
22.8283
22.7538
22.8715
22.7131
22.7445
22.7527
22.7382
22.7983
22.7559
22.7116
22.8765
22.6941
22.7732
22.8422
22.7524
22.862
22.7817
22.6427
22.7102
22.7502
22.9096
22.7719
22.8403
22.831
22.8802
22.6886
22.7754
22.7742
22.8616
22.5777
22.8908
22.7032
22.7927
22.7003
22.8278
22.7971
22.8339
22.9083
22.7995
22.7999
22.798
22.8101
22.6538
22.8308
22.768
22.8306
22.7961
22.8806
22.7928
22.7202
22.7427
22.8319
22.7947
22.6805
22.6498
22.8921
22.7312
22.8258
22.8411
22.8489
22.7161
22.8394
22.6827
22.7346
22.76
22.8469
22.6418
22.7263
22.7526
22.6766
22.8365
22.6994
22.7365
22.7308
22.8285
22.8662
22.6569
22.7722
22.7473
22.7617
22.8575
22.7109
22.6434
22.8236
22.831
22.7585
22.9778
22.7227
22.7428
22.9503
22.7494
22.6379
22.7597
22.6591
22.8139
22.7238
22.7151
22.7116
22.7482
22.8651
22.7574
22.727
22.8352
22.6583
22.6519
22.7667
22.6701
22.7644
22.6537
22.7652
22.6386
22.8684
22.7644
22.8452
22.7253
22.7018
22.8033
22.795
22.8077
22.9194
22.8426
22.7447
22.8133
22.7644
22.8006
22.7022
22.7575
22.8664
22.8068
23.0399
22.7546
22.7384
22.5838
22.8347
22.9421
22.7662
22.6928
22.7663
22.7732
22.7535
22.7671
22.7707
22.8686
22.8344
22.7717
22.6685
22.7661
22.7801
22.7616
22.7314
22.7632
22.7395
22.7104
22.8207
22.912
22.8087
22.7532
22.8193
22.8449
22.7984
22.8478
22.8963
22.7421
22.8384
22.7666
22.6073
22.6985
22.5343
22.7731
22.771
22.8766
22.7422
22.9356
22.6837
23.0885
22.9282
22.7028
22.9445
22.649
22.717
22.8643
22.7137
22.7587
22.6706
22.834
22.7118
22.8744
22.8177
22.6117
22.6848
22.7113
22.772
22.9109
22.705
22.7016
22.7501
22.8179
22.7812
22.7581
22.7472
22.7289
22.7818
22.747
22.8177
22.8483
22.7972
22.6802
22.7757
22.7173
22.6897
22.7632
22.8801
22.8312
22.6073
22.8725
22.9453
22.7379
22.7455
22.8074
22.8115
22.8084
22.8373
22.8689
22.9031
22.7132
22.7498
22.8126
22.8825
22.5992
22.8467
22.7136
22.7896
22.8805
22.7384
22.791
22.8265
22.7521
22.7474
22.8246
22.7817
22.7663
22.7966
22.8398
22.7533
22.8383
22.8419
22.7564
22.7883
22.9933
22.8137
22.8437
22.6281
22.571
22.8003
22.6077
22.7894
22.8256
22.7096
22.7682
22.6345
22.6608
22.9304
22.8551
22.832
22.6804
22.8023
22.7127
22.6474
22.9007
22.8497
22.785
22.7777
22.7537
22.8222
22.7921
22.7464
22.699
22.684
22.7956
22.7161
22.6189
22.6924
22.7839
22.7671
22.8198
22.7675
22.813
22.6408
22.6921
22.6267
22.8034
22.7845
22.7563
22.7027
22.7802
22.7015
22.6292
22.8771
22.8567
22.78
22.8347
22.8613
22.6051
22.8557
22.6561
22.6946
22.7196
22.5997
22.58
22.8075
22.6925
22.7968
22.6774
22.7349
22.6508
22.8699
22.8915
22.7755
22.7242
22.6339
22.743
22.7509
22.6411
22.8065
22.8387
22.7167
22.692
22.8479
22.795
22.7383
22.7741
22.7387
22.7397
22.7596
22.8402
22.7542
22.7516
22.6044
22.7532
22.711
22.8589
22.7915
22.8023
22.7957
22.7708
22.7805
22.8267
22.6614
22.6642
22.8845
22.8735
22.8062
22.7485
22.8527
22.7327
22.642
22.7706
22.7101
22.7063
22.68
22.7334
22.7759
23.0032
22.7207
22.7319
22.6701
22.6529
22.6387
22.681
22.7811
22.7822
22.8904
22.6802
22.9754
22.808
22.8198
22.7692
22.78
22.7384
22.8975
22.7287
22.7014
22.6757
22.743
22.8033
22.8221
22.8588
22.7214
22.8147
22.7504
22.8897
22.9215
22.7563
22.6349
22.7268
22.7409
22.8925
22.8452
23.0462
22.716
22.6692
22.79
22.7515
22.8252
22.8666
22.7561
22.8254
22.7306
22.7772
22.8658
22.7667
22.7645
22.7639
22.6642
22.6058
22.8484
22.9213
22.6639
22.7278
22.8486
22.809
22.9479
22.748
22.8123
22.6289
22.8684
22.6947
22.7709
22.7786
22.7201
22.9474
22.7944
22.7397
22.6138
22.8255
22.7236
22.765
22.7064
22.8523
22.8466
22.6076
22.662
22.7295
22.7628
22.6802
22.7608
22.6252
22.7687
22.7265
22.7271
22.703
22.7065
22.9273
22.6795
22.8221
22.8202
22.586
22.7598
22.6314
22.896
22.7512
22.768
22.9035
22.6869
22.6843
22.8447
22.5859
22.9558
22.7295
22.5918
22.7373
22.8416
22.7913
22.7411
22.6192
22.6488
22.7553
22.7977
22.7871
22.6369
22.7245
22.6322
22.6935
22.6879
22.7817
22.7414
22.6428
22.7792
22.5783
22.8164
22.561
22.7402
22.8139
22.7252
22.782
22.8837
22.8665
22.7623
22.6732
22.7636
22.7747
22.9599
22.5332
22.7111
22.8554
22.7623
22.7902
22.6334
22.7028
22.9024
22.7944
22.7325
22.8509
22.8708
22.8824
22.8828
22.9278
22.6275
22.6979
22.7549
22.6869
22.753
22.936
22.7687
22.6602
22.7408
22.7173
22.6145
22.6521
22.6899
22.7502
22.6954
22.8207
22.6963
22.7605
22.6773
22.8711
22.9612
22.7272
22.5636
22.6607
22.7779
22.8686
22.61
22.8328
22.8231
22.7191
22.7321
22.72
22.7686
22.6647
22.8088
22.7442
22.819
22.7991
22.7338
22.6063
22.8458
22.6964
22.8733
22.7212
22.8313
22.7317
23.0166
22.7091
22.8083
22.7011
22.8372
22.7298
22.6127
22.8616
22.6743
22.7897
22.8031
22.7787
22.8042
22.6992
22.6824
22.757
22.8997
22.6626
22.8168
22.7761
22.757
22.8331
22.7599
22.7012
22.7012
22.7639
22.6886
22.7391
22.6432
22.6012
22.7425
22.6977
22.7258
22.8699
22.7118
22.5915
22.696
22.7343
22.757
22.6866
22.8338
22.7286
22.7029
22.7796
22.6997
22.6637
22.8316
22.7902
22.6805
22.701
22.9244
22.8685
22.5706
22.7609
22.7615
22.8162
22.7881
22.8225
22.6481
22.7765
22.7319
22.5005
22.7949
22.7542
22.7488
22.7029
22.754
22.7045
22.654
22.6814
22.7539
22.7779
22.691
22.6349
22.7511
22.7721
22.7784
22.7419
22.6237
22.7952
22.7682
22.6228
22.7669
22.7563
22.8348
22.6669
22.6594
22.7392
22.7059
22.8704
22.6587
22.8202
22.8001
22.8254
22.721
22.7932
22.819
22.8549
22.6548
22.8627
22.6902
22.8288
22.7653
22.6212
22.6602
22.7893
22.7828
22.5886
22.6768
22.6953
22.7929
22.8126
22.8467
22.7222
22.6453
22.7441
22.7958
22.7773
22.7633
22.8612
22.6671
22.7107
22.831
22.7857
22.7136
22.677
22.7548
22.6
22.6372
22.6045
22.7834
22.7543
22.6282
22.7686
22.7316
22.7949
22.7867
22.6946
22.7876
22.7454
22.7498
22.9415
22.8348
22.5919
22.8109
22.7355
22.6666
22.646
22.7893
22.681
22.7142
22.8231
22.6836
22.7765
22.7992
22.6687
22.8289
22.9072
22.7313
22.7205
22.805
22.8845
22.7351
22.7258
22.7259
22.6879
22.7856
22.6098
22.7255
22.6671
22.7307
22.5625
22.4931
22.7119
22.7113
22.5902
22.7343
22.7792
22.6556
22.7479
22.8187
22.6749
22.6331
22.6804
22.6478
22.6413
22.6865
22.7945
22.8242
22.6948
22.5135
22.7364
22.6331
22.6491
22.8763
22.7464
22.91
22.643
22.8392
22.674
22.8613
22.6879
22.8751
22.9899
22.6507
22.6401
22.8674
22.7139
22.634
22.6735
22.5766
22.5844
22.6641
22.6156
22.711
22.7918
22.7378
22.6156
22.6427
22.7801
22.764
22.6968
22.7079
22.6646
22.8597
22.6602
22.6699
22.7975
22.7767
22.7061
22.8184
22.803
22.8456
22.8198
22.6416
22.6889
22.6739
22.63
22.8738
22.6716
22.7889
22.6146
22.8086
22.7391
22.6509
22.8958
22.8206
22.7935
22.6146
22.6872
22.8733
22.7822
22.8649
22.6866
22.6983
22.5955
22.6615
22.6639
22.8001
22.7315
22.604
22.7208
22.7171
22.6983
22.7127
22.6232
22.7429
22.6969
22.8367
22.644
22.7164
22.6677
22.7535
22.6873
22.7959
22.7915
22.5825
22.6906
22.6335
22.6528
22.85
22.6426
22.7528
22.7173
22.8419
22.6879
22.6241
22.5957
22.9041
22.7839
22.7476
22.627
22.8024
22.9141
22.8518
22.5588
22.6879
22.8451
22.7109
22.7234
22.6068
22.8368
22.6419
22.6918
22.7613
22.5706
22.8207
22.7338
22.756
22.6706
22.7186
22.6791
22.7775
22.711
22.6755
22.6717
22.8582
22.5863
22.6839
22.6077
22.9203
22.8214
22.7823
22.66
22.5662
22.6598
22.6149
22.687
22.8296
22.6034
22.8447
22.6694
22.759
22.7009
22.7461
22.565
22.6925
22.7454
22.7566
22.6478
22.6885
22.8119
22.5831
22.6985
22.7129
22.5928
22.7727
22.7091
22.6777
22.6329
22.7784
22.4023
22.6191
22.7322
22.6894
22.8873
22.7995
22.7284
22.7246
22.6548
22.7573
22.6665
22.6839
22.6202
22.7488
22.8332
22.586
22.8157
22.5097
22.584
22.7853
22.7343
22.7492
22.6408
22.6537
22.5528
22.6212
22.6996
22.5957
22.7145
22.5776
22.6117
22.6829
22.854
22.7052
22.6169
22.8826
22.7421
22.6729
22.6849
22.7373
22.647
22.7199
22.7691
22.6913
22.7338
22.851
22.8123
22.6148
22.746
22.6995
22.768
22.6352
22.7384
22.7509
22.6878
22.7491
22.6791
22.8452
22.5881
22.8179
22.8042
22.7497
22.6221
22.7186
22.6883
22.6194
22.8238
22.714
22.6335
22.7096
22.731
22.7541
22.6821
22.7222
22.7177
22.6654
22.5221
22.5937
22.67
22.8321
22.7524
22.7798
22.8762
22.7345
22.749
22.6522
22.7343
22.8772
22.7267
22.6798
22.6253
22.5082
22.8205
22.711
22.6582
22.7161
22.618
22.6346
22.6553
22.7121
22.8197
22.6638
22.7658
22.7559
22.7618
22.8007
22.7837
22.7782
22.736
22.6069
22.7112
22.6587
22.6324
22.9475
22.7267
22.6472
22.7449
22.7977
22.615
22.5173
22.7376
22.6873
22.6796
22.7194
22.7456
22.6917
22.7238
22.7027
22.8783
22.6139
22.674
22.6602
22.7012
22.7185
22.8991
22.7486
22.5588
22.6935
22.7139
22.8569
22.7331
22.6683
22.7472
22.7296
22.6893
22.6912
22.6809
22.7192
22.8011
22.5806
22.6354
22.8382
22.7005
22.8001
22.6177
22.6422
22.7329
22.6415
22.5192
22.8105
22.7238
22.5828
22.7274
22.7077
22.7323
22.7347
22.6239
22.6844
22.6674
22.5937
22.6792
22.6658
22.7006
22.6798
22.6449
22.7537
22.7003
22.6901
22.6596
22.5487
22.7384
22.6365
22.6431
22.6938
22.6911
22.6882
22.6538
22.6369
22.7286
22.7626
22.6665
22.7193
22.7329
22.7461
22.766
22.6677
22.8077
22.6697
22.7218
22.5337
22.7706
22.6776
22.7134
22.6224
22.7524
22.6349
22.6968
22.6653
22.6747
22.5986
22.7767
22.7909
22.7282
22.5194
22.631
22.8905
22.8745
22.8974
22.67
22.8354
22.7219
22.7672
22.6135
22.7526
22.649
22.8508
22.7631
22.5901
22.55
22.7564
22.6644
22.5976
22.6804
22.6638
22.6216
22.5972
22.7492
22.7604
22.7212
22.6546
22.697
22.5781
22.838
22.617
22.6813
22.7512
22.6887
22.6963
22.8329
22.7464
22.7782
22.7585
22.7015
22.6838
22.6148
22.7642
22.6598
22.6706
22.6866
22.7797
22.4495
22.6645
22.6208
22.6698
22.7268
22.5271
22.7946
22.6182
22.7955
22.7245
22.8143
22.5859
22.7386
22.866
22.7745
22.7181
22.8416
22.5102
22.6654
22.8656
22.5907
22.6239
22.6387
22.7114
22.8055
22.7166
22.6875
22.6117
22.7178
22.6144
22.7085
22.6556
22.7114
22.6408
22.5822
22.6946
22.658
22.7308
22.6166
22.6727
22.7991
22.6533
22.5602
22.6299
22.511
22.6351
22.7536
22.6609
22.7707
22.6252
22.594
22.7146
22.8738
22.5118
22.7015
22.5659
22.922
22.6612
22.7707
22.6437
22.6349
22.6084
22.6267
22.6871
22.5623
22.6938
22.6418
22.6052
22.763
22.7308
22.7425
22.6227
22.6752
22.5671
22.78
22.6055
22.5645
22.7261
22.7473
22.5617
22.6074
22.7041
22.5932
22.7149
22.8498
22.5341
22.7218
22.6367
22.6561
22.7054
22.737
22.8086
22.6387
22.6971
22.702
22.5963
22.7091
22.5793
22.6066
22.6821
22.6495
22.6532
22.7783
22.5457
22.804
22.4672
22.4653
22.5714
22.5636
22.6996
22.6913
22.6596
22.6995
22.6809
22.6411
22.7113
22.6177
22.7937
22.5624
22.7825
22.9593
22.8053
22.6685
22.7923
22.691
22.7933
22.6224
22.6052
22.7002
22.8192
22.7244
22.6582
22.7161
22.7719
22.4892
22.6683
22.6564
22.6816
22.533
22.5583
22.6592
22.6655
22.7179
22.6501
22.6844
22.4916
22.7049
22.672
22.6993
22.535
22.6558
22.7667
22.6451
22.6294
22.6385
22.6173
22.618
22.8311
22.6221
22.6603
22.6551
22.7251
22.7463
22.5718
22.6544
22.742
22.7265
22.762
22.6896
22.7452
22.6258
22.662
22.818
22.6716
22.5729
22.6007
22.8387
22.5937
22.6077
22.671
22.7905
22.5484
22.8129
22.7042
22.7765
22.6773
22.905
22.7995
22.5923
22.6084
22.7109
22.6001
22.8786
22.6605
22.7344
22.4493
22.6476
22.7686
22.6385
22.561
22.6257
22.7711
22.6756
22.5486
22.7028
22.6216
22.5312
22.6991
22.7804
22.6955
22.6591
22.636
22.594
22.6436
22.6021
22.7045
22.6545
22.7735
22.6908
22.9016
22.7995
22.5959
22.5403
22.7326
22.6261
22.5677
22.5339
22.7047
22.6429
22.7408
22.7722
22.7076
22.7771
22.7804
22.5509
22.6695
22.7177
22.6906
22.5747
22.6737
22.6005
22.6679
22.7491
22.6883
22.6324
22.6737
22.8025
22.6535
22.6281
22.6407
22.6417
22.7979
22.6783
22.5921
22.6872
22.691
22.747
22.6656
22.6888
22.6515
22.5976
22.5256
22.7237
22.6806
22.6841
22.6927
22.6941
22.7751
22.7988
22.6841
22.7093
22.7704
22.6519
22.4925
22.5845
22.6756
22.5907
22.8127
22.5832
22.6537
22.702
22.662
22.6348
22.6875
22.6873
22.7365
22.6347
22.7107
22.6576
22.7761
22.7452
22.5496
22.558
22.6641
22.5453
22.4801
22.7
22.7516
22.7266
22.7962
22.866
22.6718
22.5954
22.6602
22.5938
22.6628
22.7245
22.7517
22.6527
22.7128
22.5796
22.52
22.588
22.769
22.5849
22.6684
22.7858
22.5668
22.6678
22.6666
22.7646
22.7366
22.724
22.7808
22.5445
22.5486
22.6336
22.746
22.6535
22.6889
22.8721
22.6785
22.6696
22.784
22.6877
22.6546
22.5371
22.6676
22.7677
22.5436
22.7622
22.6935
22.6093
22.6817
22.7023
22.6921
22.5467
22.6937
22.5171
22.6101
22.5933
22.6043
22.6255
22.6262
22.7454
22.7096
22.6134
22.6203
22.613
22.6419
22.7008
22.6765
22.7143
22.5229
22.8972
22.5514
22.6883
22.606
22.7565
22.6613
22.5858
22.6364
22.6225
22.6178
22.6499
22.5517
22.6531
22.6063
22.6781
22.7077
22.6753
22.559
22.6927
22.5859
22.7523
22.7289
22.6718
22.6328
22.7417
22.6965
22.8614
22.6716
22.5951
22.5881
22.6241
22.5849
22.7636
22.7601
22.6943
22.745
22.7142
22.7537
22.6453
22.8196
22.4916
22.6039
22.7045
22.5749
22.5919
22.6907
22.5612
22.8972
22.8448
22.8641
22.6885
22.6159
22.6092
22.6634
22.561
22.6108
22.7769
22.6352
22.6746
22.7092
22.6444
22.7101
22.6316
22.6227
22.543
22.5185
22.7866
22.6429
22.7997
22.7675
22.7272
22.7758
22.5429
22.695
22.5147
22.584
22.8537
22.5893
22.7526
22.6955
22.7095
22.7566
22.5803
22.6579
22.7801
22.5755
22.6824
22.7911
22.5904
22.8041
22.6596
22.6151
22.5541
22.716
22.5655
22.5607
22.6436
22.864
22.702
22.7394
22.7067
22.636
22.6488
22.5767
22.6267
22.8804
22.7241
22.6296
22.7649
22.7252
22.5869
22.5625
22.6792
22.713
22.7366
22.7218
22.6436
22.6712
22.6025
22.6161
22.7003
22.5064
22.5149
22.5789
22.8764
22.6665
22.6163
22.7235
22.7551
22.6099
22.6216
22.7086
22.7957
22.5954
22.6821
22.6592
22.7626
22.6023
22.8186
22.5568
22.6597
22.6383
22.7887
22.73
22.6787
22.7931
22.4789
22.6412
22.6749
22.5405
22.7675
22.6346
22.6845
22.5645
22.5983
22.6613
22.6746
22.6045
22.6457
22.7521
22.5431
22.8354
22.5676
22.759
22.6605
22.6844
22.6171
22.6286
22.7073
22.5739
22.6355
22.8945
22.6168
22.6709
22.7305
22.5524
22.7712
22.8106
22.7372
22.6014
22.4543
22.6498
22.615
22.5619
22.6795
22.668
22.7592
22.6782
22.658
22.7527
22.678
22.8417
22.5186
22.6342
22.692
22.6216
22.5525
22.4632
22.6002
22.6908
22.6002
22.5845
22.5098
22.5772
22.7363
22.6708
22.555
22.5514
22.6892
22.7287
22.598
22.6502
22.5594
22.6247
22.6494
22.7359
22.5942
22.7213
22.6893
22.6336
22.8138
22.751
22.625
22.5839
22.5222
22.5308
22.6026
22.8049
22.6526
22.7116
22.5512
22.6684
22.6886
22.4862
22.6566
22.4956
22.7478
22.6266
22.6364
22.5362
22.6919
22.5671
22.6819
22.6496
22.6323
22.6202
22.645
22.8025
22.6314
22.6468
22.7482
22.7006
22.6544
22.6607
22.7965
22.585
22.7108
22.5876
22.65
22.7198
22.6442
22.6123
22.7066
22.5653
22.5988
22.5745
22.7011
22.8569
22.6636
22.6432
22.6133
22.7421
22.6702
22.6973
22.7183
22.6744
22.4866
22.6405
22.6608
22.7939
22.621
22.6382
22.6138
22.6776
22.6921
22.548
22.6288
22.5499
22.6828
22.7239
22.7437
22.595
22.5536
22.5449
22.6459
22.676
22.6796
22.6119
22.5922
22.6823
22.9284
22.6435
22.706
22.5935
22.5775
22.6371
22.6686
22.5588
22.4289
22.7273
22.726
22.7975
22.4693
22.6763
22.728
22.5756
22.6334
22.6102
22.7557
22.7833
22.4457
22.5934
22.6015
22.6659
22.7478
22.6221
22.6207
22.692
22.7221
22.7074
22.66
22.8249
22.7047
22.7387
22.6574
22.5918
22.7097
22.6148
22.4833
22.6824
22.7092
22.6229
22.5371
22.6377
22.8249
22.5702
22.6144
22.5863
22.615
22.6022
22.6786
22.6743
22.6566
22.6987
22.561
22.8001
22.7921
22.6428
22.4975
22.6851
22.7044
22.5461
22.7806
22.559
22.6691
22.5803
22.5244
22.5156
22.6023
22.6136
22.6414
22.6898
22.8519
22.6516
22.7309
22.7599
22.6047
22.6431
22.6934
22.6955
22.6575
22.6187
22.5457
22.5969
22.5802
22.563
22.6804
22.7518
22.7152
22.7333
22.6932
22.6288
22.5406
22.7398
22.6073
22.5324
22.7295
22.6955
22.6835
22.6027
22.6641
22.6252
22.5599
22.7351
22.6036
22.5463
22.7063
22.727
22.6112
22.6315
22.467
22.7937
22.4431
22.6802
22.6201
22.7291
22.7264
22.5462
22.632
22.813
22.7306
22.6175
22.8432
22.7104
22.6592
22.5856
22.8181
22.6165
22.5765
22.5212
22.5122
22.716
22.6873
22.7121
22.6273
22.579
22.7096
22.7039
22.7529
22.9116
22.799
22.5636
22.574
22.522
22.7435
22.6317
22.6061
22.4884
22.6956
22.6304
22.7143
22.6077
22.5833
22.6352
22.6735
22.6773
22.7328
22.7443
22.7534
22.5809
22.5191
22.8311
22.5985
22.8481
22.5249
22.5724
22.9083
22.7417
22.7161
22.6739
22.6466
22.7308
22.7206
22.6707
22.7525
22.7344
22.5774
22.7519
22.6611
22.5803
22.6337
22.5912
22.548
22.5953
22.6674
22.5606
22.6929
22.6206
22.5816
22.5398
22.504
22.5249
22.6532
22.7433
22.4721
22.7139
22.8571
22.5572
22.705
22.7637
22.7166
22.6117
22.7328
22.64
22.7091
22.6923
22.8459
22.4719
22.6213
22.6035
22.7432
22.6467
22.6232
22.76
22.5767
22.676
22.6478
22.5161
22.7624
22.6225
22.6717
22.5131
22.6204
22.6874
22.5321
22.657
22.68
22.4926
22.6278
22.5662
22.7049
22.6178
22.7069
22.7259
22.5694
22.6466
22.7329
22.6133
22.5357
22.5464
22.57
22.6145
22.7839
22.656
22.6808
22.7333
22.5359
22.6083
22.58
22.7882
22.6232
22.7854
22.4985
22.5742
22.5113
22.8914
22.7042
22.6457
22.5403
22.672
22.4937
22.6767
22.6819
22.6701
22.5222
22.5162
22.7329
22.5696
22.6973
22.7054
22.7029
22.5113
22.653
22.6692
22.6097
22.6562
22.5138
22.6631
22.6894
22.7459
22.741
22.5788
22.6843
22.6333
22.8419
22.6215
22.4979
22.5195
22.5318
22.5441
22.8505
22.8009
22.5983
22.6876
22.527
22.7404
22.7511
22.6072
22.8457
22.6196
22.8888
22.5602
22.4458
22.6445
22.5464
22.5367
22.57
22.6738
22.5688
22.6169
22.6376
22.6567
22.7561
22.453
22.5601
22.7637
22.6655
22.4786
22.767
22.6959
22.5277
22.5524
22.4754
22.6336
22.6428
22.6963
22.4634
22.4332
22.6856
22.6404
22.6371
22.5792
22.5498
22.5077
22.5907
22.6352
22.6322
22.6797
22.64
22.6946
22.6604
22.465
22.4979
22.7193
22.5825
22.7292
22.6946
22.6845
22.6472
22.667
22.6354
22.6003
22.6129
22.6281
22.7728
22.5926
22.7187
22.7128
22.6624
22.6145
22.5596
22.6218
22.5721
22.6578
22.62
22.6925
22.5959
22.7709
22.6267
22.6428
22.4688
22.5422
22.6403
22.6479
22.6312
22.5797
22.7365
22.4738
22.681
22.4785
22.4888
22.6341
22.5053
22.6103
22.6283
22.5292
22.5989
22.6276
22.5407
22.6786
22.6463
22.5035
22.4929
22.6659
22.6302
22.6872
22.4364
22.7304
22.697
22.6763
22.5243
22.443
22.6866
22.5927
22.5487
22.6359
22.4989
22.5161
22.534
22.6993
22.5521
22.7523
22.5912
22.5652
22.7584
22.6955
22.5209
22.7697
22.6471
22.7229
22.6826
22.5474
22.5633
22.5836
22.5312
22.5572
22.5487
22.5671
22.7207
22.4359
22.6002
22.5384
22.666
22.6535
22.53
22.5718
22.6958
22.6285
22.6227
22.5143
22.5907
22.5411
22.674
22.6195
22.5166
22.6269
22.6205
22.5951
22.6444
22.5472
22.6242
22.5533
22.771
22.769
22.6232
22.7405
22.5758
22.6534
22.7662
22.4861
22.5262
22.5744
22.5086
22.628
22.528
22.5586
22.515
22.5729
22.6592
22.6686
22.5211
22.5017
22.6535
22.5312
22.7238
22.5383
22.5093
22.469
22.5821
22.8026
22.6133
22.612
22.5954
22.5672
22.4642
22.7047
22.6298
22.8642
22.6658
22.4895
22.6179
22.4926
22.5942
22.5472
22.6686
22.5246
22.6142
22.6046
22.7155
22.5209
22.5775
22.495
22.6146
22.5745
22.6481
22.6154
22.4584
22.6092
22.6286
22.6867
22.5334
22.8431
22.411
22.5651
22.5949
22.5607
22.6119
22.6827
22.9498
22.6005
22.607
22.4548
22.6846
22.545
22.6022
22.4943
22.6151
22.6985
22.5632
22.5452
22.6819
22.6324
22.503
22.6277
22.5847
22.6707
22.569
22.6563
22.5758
22.5611
22.5097
22.5981
22.6359
22.5592
22.5658
22.5611
22.6738
22.5601
22.5775
22.7466
22.734
22.5657
22.5626
22.475
22.5683
22.6516
22.6355
22.6076
22.6994
22.6522
22.5044
22.5527
22.6231
22.5191
22.6116
22.5486
22.5501
22.6754
22.6764
22.6739
22.5133
22.5193
22.5034
22.482
22.5222
22.7037
22.5478
22.6393
22.4852
22.4903
22.6176
22.6188
22.5793
22.6109
22.6053
22.5261
22.581
22.4907
22.7078
22.5666
22.4923
22.6461
22.482
22.4506
22.5652
22.4763
22.6924
22.6994
22.5926
22.5339
22.4807
22.6501
22.6445
22.5267
22.6262
22.6481
22.5098
22.6034
22.5686
22.6476
22.5259
22.6158
22.6556
22.6716
22.5946
22.5488
22.3832
22.5869
22.6275
22.6406
22.548
22.5612
22.3704
22.6527
22.4492
22.6456
22.3528
22.658
22.5602
22.6718
22.5647
22.4079
22.5321
22.6928
22.6168
22.5765
22.5958
22.5838
22.4576
22.5947
22.683
22.7254
22.5602
22.5516
22.6085
22.631
22.5663
22.5783
22.48
22.6944
22.5096
22.4693
22.6489
22.6404
22.3811
22.6624
22.6369
22.7044
22.5674
22.7088
22.603
22.5199
22.4766
22.6233
22.5429
22.654
22.7371
22.5438
22.4121
22.7069
22.6846
22.5684
22.4176
22.6486
22.6081
22.5032
22.5187
22.4472
22.749
22.4677
22.5754
22.6571
22.7188
22.6049
22.6483
22.6062
22.6342
22.4993
22.6797
22.5709
22.6438
22.5355
22.4651
22.4713
22.5341
22.5444
22.6907
22.4055
22.6234
22.6153
22.688
22.5359
22.5368
22.5314
22.4321
22.7215
22.4014
22.5117
22.5708
22.5738
22.5948
22.571
22.6612
22.6158
22.5695
22.5867
22.502
22.3927
22.5214
22.5912
22.545
22.876
22.5273
22.6061
22.553
22.536
22.6898
22.6478
22.5706
22.4855
22.7117
22.5496
22.6217
22.5072
22.6853
22.4927
22.4326
22.6498
22.5862
22.614
22.6112
22.5473
22.5234
22.515
22.6606
22.5814
22.6238
22.5642
22.5309
22.645
22.5279
22.741
22.6282
22.3927
22.5025
22.5028
22.4732
22.6193
22.4724
22.5718
22.5812
22.5586
22.7383
22.6788
22.503
22.5957
22.6211
22.6494
22.731
22.5947
22.5796
22.572
22.5554
22.5441
22.5498
22.4453
22.5096
22.6338
22.4784
22.5783
22.6072
22.6678
22.6535
22.721
22.5357
22.5513
22.5418
22.5209
22.5986
22.5905
22.6978
22.5875
22.5897
22.444
22.6882
22.5441
22.714
22.6015
22.6313
22.7149
22.4432
22.5956
22.5687
22.4878
22.4681
22.6888
22.4271
22.7213
22.666
22.6491
22.4777
22.4632
22.5185
22.6935
22.7591
22.6139
22.5475
22.6799
22.5512
22.5212
22.632
22.5893
22.6099
22.6213
22.5146
22.651
22.6992
22.5588
22.5539
22.724
22.4819
22.5259
22.6601
22.5284
22.5248
22.4676
22.525
22.4551
22.5828
22.4797
22.5206
22.6273
22.6221
22.4966
22.5025
22.639
22.584
22.554
22.5302
22.6391
22.4058
22.6071
22.5481
22.7232
22.4805
22.4474
22.6053
22.5892
22.589
22.5169
22.6958
22.5119
22.5571
22.5704
22.3976
22.4964
22.7295
22.6313
22.5769
22.5266
22.5066
22.5801
22.7264
22.7268
22.7506
22.4624
22.5067
22.5184
22.4006
22.7271
22.6182
22.456
22.3518
22.503
22.5061
22.6783
22.5435
22.4951
22.6154
22.5369
22.6275
22.5515
22.5916
22.6711
22.5072
22.6826
22.5402
22.5298
22.437
22.6207
22.5422
22.6239
22.4269
22.6399
22.5283
22.6244
22.5582
22.6757
22.5506
22.5944
22.3598
22.6611
22.6033
22.6008
22.6426
22.6298
22.6334
22.6813
22.5714
22.528
22.4976
22.5521
22.592
22.6538
22.5224
22.5356
22.5798
22.7235
22.5355
22.4387
22.5283
22.6336
22.5199
22.5653
22.5956
22.5127
22.4235
22.648
22.7496
22.6093
22.5615
22.5652
22.6189
22.4106
22.5098
22.5943
22.6055
22.7264
22.4332
22.5347
22.4614
22.7699
22.698
22.642
22.6189
22.6321
22.5758
22.6382
22.5131
22.608
22.7023
22.5024
22.5625
22.6715
22.6471
22.6524
22.6936
22.6071
22.525
22.4796
22.5631
22.4886
22.5255
22.7301
22.5588
22.6772
22.5992
22.4205
22.5747
22.4695
22.4846
22.4885
22.5926
22.4857
22.5353
22.7009
22.5212
22.5231
22.6798
22.5846
22.7109
22.5991
22.5515
22.6223
22.6472
22.6037
22.701
22.5748
22.5554
22.4756
22.4807
22.4907
22.5199
22.5816
22.6206
22.5262
22.497
22.5366
22.6543
22.6047
22.5548
22.6473
22.5926
22.5504
22.5028
22.6493
22.5542
22.5005
22.407
22.622
22.7723
22.5582
22.611
22.4486
22.4172
22.6326
22.3965
22.5109
22.6888
22.5639
22.4408
22.2547
22.5318
22.622
