3.23983
3.24371
3.23838
3.22255
3.21593
3.2151
3.21326
3.20656
3.2399
3.22285
3.20405
3.21435
3.20495
3.2167
3.20377
3.20825
3.20456
3.2106
3.21664
3.21203
3.22238
3.21058
3.20563
3.21585
3.20382
3.23051
3.20641
3.21792
3.21514
3.20515
3.1996
3.22215
3.19933
3.20755
3.21291
3.20302
3.21165
3.19598
3.20771
3.21851
3.20093
3.20418
3.19899
3.19157
3.21063
3.19056
3.2013
3.19431
3.21483
3.21347
3.20158
3.1989
3.18908
3.18842
3.21519
3.21256
3.19309
3.20063
3.19188
3.20205
3.18364
3.18221
3.18952
3.19089
3.19617
3.19453
3.18615
3.17328
3.20082
3.19905
3.20513
3.21406
3.18437
3.18803
3.19438
3.17575
3.19954
3.17238
3.19379
3.16494
3.17679
3.18804
3.19112
3.17809
3.19041
3.1985
3.18373
3.16914
3.17736
3.17371
3.17863
3.18322
3.20011
3.17251
3.18422
3.1801
3.17115
3.18452
3.15899
3.17311
3.17233
3.17581
3.16595
3.17451
3.16848
3.15218
3.17182
3.17537
3.16993
3.17207
3.17115
3.1733
3.15016
3.16323
3.16326
3.15834
3.15337
3.14851
3.1616
3.16072
3.16601
3.14765
3.15801
3.15312
3.1549
3.15752
3.1655
3.15316
3.15486
3.15761
3.13729
3.14542
3.16028
3.14388
3.14567
3.13975
3.16341
3.14254
3.1382
3.12736
3.14735
3.14356
3.13341
3.14194
3.14717
3.12777
3.14755
3.15135
3.13992
3.13394
3.15219
3.14603
3.15276
3.14258
3.13012
3.13501
3.13483
3.13131
3.14491
3.13807
3.11444
3.11705
3.14899
3.1349
3.12856
3.12665
3.11688
3.13085
3.11366
3.12284
3.12136
3.12114
3.12957
3.12895
3.12749
3.11728
3.12888
3.12433
3.13364
3.11698
3.12951
3.11363
3.11135
3.12436
3.10937
3.11137
3.11969
3.11985
3.11587
3.10812
3.12068
3.12437
3.12695
3.11649
3.11233
3.11457
3.11529
3.1153
3.11927
3.12274
3.12837
3.10883
3.11602
3.10241
3.10232
3.11549
3.11129
3.11298
3.11373
3.11221
3.13689
3.10726
3.10385
3.10762
3.10431
3.09572
3.11067
3.11625
3.0961
3.11916
3.11239
3.10217
3.12239
3.09977
3.10315
3.09547
3.09706
3.10112
3.13072
3.10039
3.11988
3.11639
3.098
3.09966
3.10379
3.09972
3.10383
3.10616
3.09592
3.10887
3.10148
3.10151
3.09007
3.10787
3.09246
3.08601
3.11946
3.09175
3.09081
3.09357
3.0836
3.09707
3.0911
3.09836
3.10229
3.08897
3.08591
3.09673
3.08844
3.10581
3.0785
3.08827
3.08548
3.09332
3.1077
3.09204
3.09488
3.09387
3.10697
3.10029
3.11458
3.08539
3.08961
3.08908
3.09153
3.07883
3.08494
3.08065
3.09506
3.09606
3.08536
3.06381
3.08175
3.08791
3.1671
3.09114
3.08524
3.09043
3.09468
3.08442
3.09277
3.08554
3.09298
3.09261
3.09775
3.0906
3.07689
3.09201
3.07705
3.09294
3.10958
3.07832
3.08436
3.11517
3.11503
3.08488
3.06736
3.08845
3.084
3.07726
3.07358
3.08792
3.07059
3.09337
3.07529
3.08316
3.07906
3.08292
3.07901
3.08167
3.072
3.09137
3.09176
3.08615
3.08385
3.08384
3.08023
3.08308
3.07301
3.09616
3.07848
3.06975
3.06274
3.08139
3.08439
3.08294
3.09272
3.07115
3.09348
3.10979
3.08856
3.07952
3.07696
3.07945
3.08379
3.08338
3.07816
3.07623
3.09095
3.08169
3.07286
3.09842
3.07609
3.06614
3.08559
3.08673
3.07618
3.06757
3.08404
3.07891
3.07464
3.07138
3.07451
3.0808
3.0704
3.07628
3.08034
3.08111
3.08684
3.0754
3.07658
3.07434
3.08441
3.07918
3.06977
3.07385
3.0791
3.08432
3.10095
3.07278
3.0752
3.07104
3.08165
3.06982
3.08166
3.08274
3.0881
3.0712
3.08142
3.07713
3.08051
3.08163
3.09094
3.08482
3.07851
3.08237
3.07398
3.07832
3.08127
3.07678
3.08474
3.07796
3.08038
3.08372
3.08275
3.09321
3.07979
3.10841
3.06917
3.07754
3.0938
3.06733
3.07813
3.08551
3.07996
3.08115
3.07902
3.0821
3.06798
3.09678
3.07648
3.06754
3.08221
3.0766
3.07125
3.06622
3.07681
3.07847
3.0896
3.0866
3.07228
3.07791
3.07334
3.07445
3.07696
3.07339
3.07501
3.07889
3.07466
3.07961
3.08625
3.0649
3.07596
3.07111
3.07125
3.06871
3.08315
3.08314
3.07452
3.07802
3.10198
3.0746
3.08358
3.08074
3.09417
3.07666
3.07929
3.0801
3.07622
3.08196
3.06228
3.07471
3.07292
3.0779
3.07644
3.07794
3.0862
3.07761
3.06089
3.08694
3.06507
3.08431
3.10232
3.10002
3.07556
3.07674
3.08222
3.06539
3.08026
3.07583
3.07553
3.08553
3.07385
3.07214
3.07888
3.07608
3.07902
3.06883
3.08798
3.08236
3.07163
3.08047
3.07712
3.07697
3.07654
3.06922
3.08302
3.07586
3.09544
3.08637
3.07707
3.07116
3.08022
3.06878
3.08733
3.0961
3.08856
3.08944
3.08527
3.07741
3.05525
3.08039
3.08823
3.08937
3.08467
3.0793
3.0853
3.07617
3.07541
3.10434
3.07726
3.07129
3.07498
3.0888
3.07768
3.07271
3.08485
3.08273
3.076
3.07708
3.06611
3.07607
3.07277
3.0724
3.07619
3.08755
3.08167
3.08312
3.08322
3.08022
3.07946
3.09157
3.0742
3.07411
3.07352
3.08932
3.08373
3.08581
3.06557
3.06348
3.0673
3.07077
3.07775
3.07509
3.08137
3.07065
3.08355
3.06931
3.07108
3.07612
3.08098
3.07271
3.06183
3.07656
3.07079
3.08496
3.07477
3.08025
3.07897
3.08158
3.07734
3.08326
3.07826
3.06508
3.07792
3.08501
3.07842
3.0815
3.07838
3.08022
3.08843
3.07202
3.06166
3.08245
3.07572
3.08099
3.07459
3.08717
3.08822
3.07932
3.06429
3.0677
3.06806
3.06959
3.08552
3.08621
3.09205
3.07296
3.07424
3.06965
3.07023
3.07194
3.09465
3.08122
3.08228
3.08069
3.08116
3.08393
3.07375
3.07415
3.06899
3.10285
3.07206
3.09152
3.10348
3.06866
3.06773
3.09156
3.08861
3.08162
3.07094
3.07246
3.07593
3.08112
3.07649
3.06357
3.07536
3.08219
3.07172
3.09417
3.08541
3.08008
3.08351
3.07802
3.06557
3.08141
3.07244
3.06747
3.06717
3.0848
3.08274
3.07778
3.07158
3.0779
3.09715
3.07031
3.06157
3.07644
3.07282
3.07265
3.07735
3.08645
3.08961
3.07687
3.07383
3.07524
3.08278
3.07638
3.07145
3.08339
3.09329
3.05766
3.08038
3.07218
3.09292
3.07571
3.07533
3.07588
3.08365
3.06945
3.0829
3.08675
3.07488
3.0764
3.07945
3.08468
3.07536
3.07712
3.07315
3.08843
3.06188
3.08556
3.09012
3.09649
3.07071
3.08385
3.08992
3.07751
3.07763
3.0853
3.07532
3.09426
3.06815
3.07629
3.07541
3.08048
3.07564
3.09137
3.07838
3.09327
3.0742
3.08604
3.08597
3.08599
3.07289
3.08478
3.10006
3.07891
3.08681
3.07834
3.07969
3.06788
3.07705
3.07892
3.07494
3.07471
3.07232
3.07921
3.07748
3.07863
3.06656
3.06913
3.0807
3.07483
3.07755
3.07887
3.07926
3.0711
3.08226
3.08946
3.07512
3.08606
3.0869
3.08957
3.07754
3.09325
3.09086
3.07408
3.08623
3.07332
3.08384
3.08175
3.076
3.07531
3.09293
3.08072
3.06269
3.06763
3.08019
3.07428
3.07512
3.07883
3.08844
3.06945
3.07824
3.07556
3.08519
3.08011
3.09161
3.08996
3.08016
3.06939
3.08894
3.08124
3.07998
3.07629
3.06622
3.07049
3.06285
3.09412
3.07837
3.08669
3.08295
3.06742
3.07744
3.06633
3.06603
3.06092
3.07464
3.07965
3.07849
3.07057
3.07368
3.08451
3.09064
3.06964
3.09141
3.06989
3.08003
3.08246
3.07335
3.08005
3.12482
3.08417
3.08815
3.07674
3.0738
3.07152
3.07002
3.0861
3.07284
3.07826
3.06067
3.07604
3.09333
3.06936
3.08257
3.07261
3.07486
3.08038
3.06347
3.08197
3.08293
3.08624
3.07727
3.08292
3.06812
3.07017
3.07723
3.07237
3.07948
3.08461
3.069
3.09268
3.08169
3.08164
3.05611
3.08039
3.06894
3.07209
3.0908
3.07177
3.07322
3.08574
3.08019
3.07184
3.08124
3.08043
3.06965
3.08028
3.07664
3.07028
3.07499
3.06262
3.07782
3.0876
3.08201
3.08703
3.06576
3.08253
3.08089
3.0717
3.07448
3.07447
3.0698
3.07989
3.08004
3.063
3.07699
3.07209
3.08992
3.06368
3.06653
3.07231
3.09096
3.07542
3.07257
3.07015
3.07225
3.07331
3.06868
3.09435
3.07665
3.07393
3.08627
3.07812
3.074
3.06898
3.06971
3.07217
3.08574
3.07782
3.07754
3.0631
3.07601
3.06591
3.07064
3.08171
3.08139
3.08838
3.07815
3.09071
3.07931
3.07858
3.06674
3.07662
3.06341
3.07718
3.0854
3.06965
3.07162
3.06641
3.09328
3.06828
3.0812
3.08326
3.07588
3.07108
3.07006
3.07371
3.07613
3.08015
3.07534
3.08113
3.07778
3.09
3.08742
3.08087
3.08042
3.07061
3.0823
3.0758
3.08787
3.08961
3.07368
3.08686
3.08555
3.06557
3.07461
3.07787
3.27042
3.0763
3.08326
3.07674
3.08169
3.08193
3.06903
3.06714
3.08173
3.07907
3.07316
3.07117
3.08224
3.08405
3.07129
3.07606
3.07897
3.08563
3.08762
3.08882
3.07834
3.08058
3.07351
3.08164
3.07173
3.09481
3.07121
3.07063
3.08652
3.0768
3.07637
3.08511
3.07174
3.09156
3.07046
3.078
3.06816
3.08449
3.07206
3.07626
3.06702
3.07949
3.07289
3.08891
3.09286
3.07853
3.06968
3.07059
3.08019
3.08419
3.08516
3.08145
3.07693
3.08087
3.07157
3.0769
3.08315
3.0731
3.08462
3.07725
3.07637
3.06874
3.06759
3.08014
3.06841
3.08331
3.09307
3.07955
3.06866
3.08124
