22.8462
22.7754
22.7102
22.6004
22.632
22.4857
22.4141
22.4314
22.2329
22.3276
22.3299
22.2555
22.4283
22.1094
22.1309
22.2021
22.2442
22.094
22.0741
22.1594
22.0938
21.9913
21.8794
21.9295
21.9878
21.8816
21.9654
21.8967
21.8665
21.8685
21.8921
21.9204
21.6952
21.8643
21.8054
21.6306
21.8774
21.8895
21.7928
21.7598
21.937
21.6574
21.7606
21.6061
21.5806
21.7523
21.6353
21.747
21.7226
21.6381
21.6855
21.5942
21.5469
21.6958
21.5488
21.5651
21.4493
21.7039
21.6315
21.6404
21.5515
21.5018
21.6728
21.5963
21.4729
21.5761
21.5966
21.5509
21.5675
21.4836
21.5354
21.5736
21.4457
21.4774
21.4602
21.3942
21.4339
21.4411
21.4623
21.4431
21.4528
21.4716
21.4068
21.3827
21.3838
21.4566
21.3641
21.5127
21.4589
21.3682
21.3641
21.5095
21.4896
21.2968
21.3385
21.346
21.3114
21.3427
21.4135
21.261
21.3678
21.317
21.3803
21.262
21.3705
21.3711
21.3758
21.4381
21.4337
21.3648
21.3588
21.3931
21.3324
21.3121
21.2748
21.1933
21.3201
21.2725
21.3477
21.3018
21.2536
21.3482
21.3708
21.3727
21.3695
21.302
21.3566
21.3749
21.2118
21.3076
21.3546
21.2394
21.2479
21.3207
21.2384
21.2948
21.1944
21.1893
21.3279
21.2748
21.2447
21.3074
21.3855
21.132
21.3057
21.3237
21.2084
21.3377
21.2158
21.2399
21.1732
21.3149
21.2426
21.1981
21.1934
21.3039
21.2123
21.2308
21.1468
21.2526
21.1547
21.2344
21.238
21.1027
21.1397
21.2761
21.2004
21.3365
21.1322
21.2437
21.3531
21.3625
21.1889
21.3503
21.3305
21.2561
21.1928
21.1184
21.2125
21.2067
21.3466
21.2337
21.2004
21.1687
21.3057
21.3011
21.2344
21.2058
21.2134
21.1992
21.24
21.1215
21.2668
21.2916
21.2023
21.2781
21.1952
21.1254
21.366
21.1145
21.3095
21.1917
21.2307
21.1771
21.2045
21.2136
21.2003
21.1634
21.177
21.2
21.2405
21.2718
21.3133
21.1979
21.3333
21.1595
21.1743
21.2576
21.1576
21.2443
21.211
21.1308
21.0873
21.1432
21.3473
21.1688
21.1308
21.2155
21.1487
21.1953
21.2017
21.2684
21.1108
21.1556
21.3447
21.1695
21.1927
21.2755
21.2962
21.0837
21.2129
21.2739
21.7878
21.0632
21.1693
21.1755
21.1325
21.2172
21.4176
21.1571
21.0748
21.1671
21.2148
21.2804
21.2107
21.2253
21.2089
21.0878
21.1484
21.1814
21.2384
21.1331
21.0603
21.1626
21.1584
21.1232
21.2926
21.1768
21.1256
21.1639
21.1151
21.1492
21.2055
21.2588
21.1976
21.15
21.2116
21.2917
21.2461
21.1636
21.183
21.2401
21.2908
21.0761
21.2425
21.1759
21.1033
21.1455
21.1374
21.0974
21.1977
21.1817
21.1256
21.1402
21.0379
21.1744
21.2216
21.3733
21.2618
21.0674
21.1691
21.2578
21.2271
21.2446
21.1259
21.3015
21.4326
21.1313
21.1183
21.1595
21.1393
21.1117
21.3248
21.2
21.2009
21.1153
21.0248
21.2378
21.1675
21.1391
21.1711
21.1934
21.2389
21.1304
21.2287
21.2001
21.1462
21.0847
21.2923
21.0899
21.1927
21.2587
21.1567
21.1732
21.1425
21.1572
21.0689
21.1152
21.2572
21.0942
21.1746
21.2157
21.1565
21.1323
21.1493
21.251
21.1951
21.1044
21.1487
21.2115
21.1924
21.1739
21.1825
21.3257
21.2862
21.139
21.1256
21.1641
21.2309
21.1501
21.1364
21.2327
21.2489
21.2939
21.2307
21.2132
21.1734
21.2752
21.1238
21.2629
21.192
21.179
21.2477
21.1082
21.0898
21.2933
21.1908
21.17
21.1354
21.2443
21.1824
21.1727
21.1511
21.7267
21.1095
21.2162
21.0822
21.1354
21.1225
21.2576
21.1754
21.2698
21.0759
21.1759
21.0899
21.0469
21.1393
21.1407
21.0517
21.1501
21.137
21.1791
21.2021
21.0984
21.0781
21.2436
21.1154
21.1639
21.1672
21.1315
21.1947
21.1666
21.2254
21.2216
21.2362
21.1287
21.2154
21.0637
21.0491
21.1353
21.1522
21.0985
21.1772
21.2564
21.1113
21.1502
21.2207
21.195
21.1918
21.126
21.1064
21.2321
21.1739
21.1054
21.2127
21.3669
21.1902
21.1702
21.1798
21.3247
21.1339
21.1054
21.1102
21.2511
21.1844
21.226
21.0614
21.2564
21.157
21.1539
21.1808
21.0696
21.0507
21.1172
21.246
21.1828
21.1178
21.1545
21.1754
21.1635
21.0526
21.2919
21.2244
21.096
21.075
21.0946
21.1683
21.154
21.1845
21.2442
21.1997
21.0836
21.2279
21.2052
21.0321
21.1206
21.1735
21.1583
21.2128
21.136
21.2254
21.0649
21.1413
21.111
21.088
21.2252
21.2089
21.2315
21.2838
21.1379
21.1732
21.197
21.3023
21.0777
21.1759
21.2372
21.1768
21.1654
21.2057
21.0412
21.1694
21.1226
21.1661
21.0262
21.1757
21.182
21.1606
21.099
21.0854
21.0764
21.1083
21.1131
21.1763
21.271
21.1802
21.1549
21.1599
21.0764
21.0821
21.2526
21.1274
21.1287
21.2923
21.087
21.273
21.0968
21.1685
21.2181
21.0893
21.1054
21.2902
21.1761
21.1505
21.1582
21.2124
21.1504
21.3037
21.1561
21.0789
21.242
21.2153
21.1301
21.0821
21.1412
21.1136
21.1222
21.1857
21.2246
21.0886
21.3205
21.2209
21.1839
21.0717
21.1428
21.1797
21.2911
21.1946
21.0476
21.2335
21.1711
21.3367
21.1726
21.1464
21.102
21.2719
21.1002
21.1849
21.1379
21.1607
21.1074
21.1291
21.1276
21.3119
21.2597
21.1167
21.1284
21.1202
21.211
21.1113
21.1543
21.1326
21.2074
21.2154
21.0046
21.1567
21.164
21.0523
21.3059
21.1674
21.0955
21.2328
21.1465
21.1247
21.1634
21.1544
21.1015
21.1573
21.1421
21.1636
21.1329
21.0987
21.2365
21.0393
21.2573
21.1221
21.1285
21.1601
21.0879
21.1947
21.1228
21.2202
21.1448
21.0813
21.2202
21.1165
21.2715
21.1144
21.3351
21.1299
21.2192
21.1406
21.1178
21.1999
21.0929
21.2325
21.1483
21.0163
21.1352
21.1791
21.1106
21.0397
21.1425
21.1955
21.0969
21.1272
21.1409
21.1891
21.1851
21.0121
21.1127
21.1782
21.0436
21.2053
21.3529
21.1568
21.1904
21.1737
21.1232
21.0459
21.2375
21.2057
21.2394
21.0814
21.2061
21.2304
21.2489
21.1552
21.1256
21.162
21.1059
21.1707
21.1461
21.1419
21.1811
21.1571
21.1099
21.2114
21.3199
21.132
21.1587
21.1927
21.0966
21.1536
21.0151
21.1389
21.1274
21.159
21.2128
21.2625
21.1272
21.1439
21.2225
21.121
21.1056
21.1254
21.1528
21.091
21.1101
21.268
21.1843
21.2491
21.0893
21.1339
21.2384
21.1578
21.0445
21.2872
21.0945
21.0953
21.197
21.1527
21.2278
21.1546
21.2164
21.1972
21.0926
21.0848
21.1256
21.1685
21.1952
21.0865
21.1739
21.1481
21.2032
21.1238
21.1815
21.1868
21.1791
21.1979
21.1413
21.1382
21.151
21.1805
21.1793
21.138
21.217
21.2054
21.178
21.0587
21.1257
21.0636
21.1987
21.0913
21.2096
21.2426
21.1781
21.1205
21.0865
21.1797
21.1869
21.2016
21.2113
21.183
21.1149
21.205
21.0899
21.269
21.1463
21.2948
21.2258
21.1506
21.0824
21.1433
21.1417
21.1997
21.1705
21.1389
21.1255
21.0609
21.1329
21.2087
21.0631
21.1508
21.191
21.2299
21.072
21.1763
21.1247
21.1609
21.1542
21.1225
21.1033
21.0728
20.9953
21.2125
21.126
21.1545
21.1957
21.2095
21.1256
21.2154
21.1663
21.1229
21.1139
21.0838
21.2258
21.1032
21.0868
21.1777
21.1984
21.1792
21.162
21.1856
21.1285
21.141
21.2025
21.1408
21.1346
21.0958
21.1195
21.1229
21.1181
21.0939
21.1956
21.2352
21.2478
21.0615
21.1675
21.1086
21.0603
21.2173
21.1947
21.0855
21.145
21.0231
21.0999
21.1851
21.098
21.1722
21.0462
21.0547
21.1304
21.077
21.1687
21.177
21.1518
21.0855
21.0737
21.1565
21.2477
21.109
21.1148
21.0986
21.1423
21.1796
21.2554
21.2509
21.167
21.1396
21.1685
21.2043
21.2049
21.1635
21.2196
21.2828
21.1536
21.1335
21.1905
21.2187
21.2468
21.0669
21.1366
21.0281
21.2005
21.2335
21.1389
21.0723
21.2573
21.1496
21.1377
21.235
21.1727
21.0854
21.1778
21.2097
21.083
21.1619
21.1291
21.2396
21.1644
21.2159
21.241
21.2128
21.0959
21.5013
21.2562
21.1958
21.1809
21.0473
21.0934
21.1485
21.0968
21.0801
21.1405
21.1433
21.0984
21.0979
21.2699
21.2258
21.1489
21.1971
21.0467
21.1473
21.2271
21.1087
21.156
21.1613
21.2128
21.272
21.1966
21.1467
21.0951
21.287
21.1325
21.2397
21.1065
21.2505
21.292
21.2211
21.1868
21.146
21.2719
21.1915
21.2069
21.0852
21.0835
21.0581
21.2326
21.1424
21.2537
21.1076
21.054
21.2126
21.1276
21.1486
21.3147
21.1365
21.1645
21.0348
21.1413
21.1411
21.2585
21.2711
21.3172
21.1359
21.168
21.2835
21.1856
21.1307
21.1809
21.0475
21.1912
21.2048
21.2662
21.144
21.0959
21.108
21.3459
21.0819
21.1457
21.123
21.1896
21.1588
21.1499
21.241
21.1445
21.202
21.1442
21.1888
21.1503
21.1507
21.0897
21.1345
21.1166
21.1961
21.1791
21.1108
21.1283
21.1527
21.1976
21.1533
21.2064
21.2134
21.1636
21.074
21.0968
21.1626
21.1217
21.0526
21.11
21.1451
21.2032
21.1491
21.0635
21.1479
21.1737
21.2381
21.0327
21.1925
21.0719
21.1734
21.1157
21.2464
21.1591
21.2756
21.1669
21.1042
21.1743
21.1044
21.2162
21.1611
21.1583
21.1508
21.174
21.0933
21.2386
21.1516
21.2444
21.1934
21.1347
21.2314
21.2003
21.0894
21.1087
21.1426
21.177
21.1181
21.1857
21.1105
21.1953
21.1438
21.1408
21.2454
21.1372
21.2126
21.0994
21.1923
21.1967
21.1928
21.145
21.1
21.1593
21.1228
21.1859
21.1663
21.229
21.1332
21.1423
21.0641
21.1658
21.1211
21.1724
21.2293
21.1279
21.1959
21.1683
21.5365
21.2121
21.0896
21.2183
21.1755
21.1334
21.0998
21.1718
21.1647
21.2019
21.1801
21.1682
21.1302
21.1815
21.1139
21.2933
21.1787
21.2306
21.2274
21.1338
21.0832
21.0713
21.1932
21.162
21.2214
21.1671
21.2078
21.1088
21.2343
21.0188
21.2099
21.1567
21.1558
21.1481
21.1161
21.1026
21.1915
21.2197
21.1424
21.0018
21.1896
21.222
21.1713
21.1582
21.1247
21.1675
21.2528
21.0495
21.1908
21.1073
21.0831
21.127
21.2016
21.0368
21.252
21.1107
21.1543
21.1228
21.1736
21.157
21.1814
21.1564
21.1586
21.1334
21.0931
21.1183
21.1395
21.229
21.1969
21.1082
21.1898
21.2181
21.1655
21.1617
21.139
21.1201
21.1048
21.1885
21.0632
21.1587
21.258
21.2533
21.0534
21.0985
21.115
21.1941
21.0188
21.332
21.0845
21.077
21.1119
21.2871
21.1933
21.1697
21.1315
21.0622
21.0731
21.258
21.1855
21.0006
21.0438
21.2094
21.0775
21.2515
21.2486
21.2325
21.1382
21.1461
21.1205
21.0756
21.0442
21.1031
21.1275
21.0948
21.1766
21.1098
21.1015
21.1964
21.1282
21.2768
21.1949
21.1871
21.1708
21.0525
21.239
21.1928
21.0559
21.1839
21.2597
21.2689
21.1419
21.1195
21.0756
21.1824
20.9912
21.1104
21.1952
21.1716
21.1954
21.2079
21.1502
21.1835
21.2285
21.0332
21.0574
21.1746
21.177
21.1309
21.1969
21.209
21.0823
21.2051
21.0529
21.1771
21.2144
21.1596
21.1638
21.1577
21.1741
21.233
21.1072
21.1901
21.0898
21.2903
21.2029
21.177
21.0923
21.2344
21.0401
21.093
21.2984
21.1529
21.1444
21.0655
21.1182
21.0873
21.1578
21.1525
21.0879
20.9888
21.2785
21.1232
21.1005
21.129
21.2063
21.0758
21.2179
21.1249
21.121
21.3506
21.2216
21.1738
21.1407
21.124
21.1668
21.2
21.0959
21.0923
21.194
21.2342
21.1612
21.1596
21.2066
21.2622
21.1334
21.0817
21.2109
21.1967
21.2613
21.214
21.2013
21.1364
21.1463
21.323
21.3055
21.2133
21.1464
21.0768
21.1701
21.249
21.2636
21.1879
21.1313
21.1278
21.23
21.0457
21.1175
21.2087
21.2302
21.0748
21.1848
21.0964
21.0645
21.2877
21.1333
21.2067
21.1274
21.0944
21.1279
21.1768
21.1211
21.1082
21.1038
20.9877
21.1175
21.2253
21.1789
21.1193
21.1412
21.1805
21.1951
21.2533
21.1644
21.0861
21.1666
21.1994
21.2671
21.083
21.2074
21.1478
21.1741
21.0947
21.0726
21.1606
21.263
21.2342
21.1676
21.1796
21.0899
21.0819
21.1465
21.2361
21.196
21.1724
21.2771
21.1478
21.226
21.0623
21.2724
21.1759
21.2318
21.2047
21.3482
21.0654
21.1702
21.1691
21.1063
21.1396
21.1242
21.2191
21.2066
21.1457
21.3182
21.1773
21.2104
21.0874
21.1381
21.2238
21.2087
21.1542
21.2017
21.0996
21.0453
21.1961
21.0839
21.1662
21.1102
21.1312
21.0696
21.1756
21.0616
21.1608
21.0902
21.1342
21.164
21.2064
21.0708
21.2139
21.1106
21.0576
21.1553
21.1835
21.0482
21.1112
21.1848
21.0152
21.0367
21.079
21.0988
21.1367
21.0928
21.2134
21.2499
21.079
21.2423
21.1375
21.2312
21.283
21.1721
21.0971
21.2448
21.1085
21.1912
21.2487
21.204
21.1466
21.1806
21.0839
21.2642
21.1891
21.0735
21.1766
21.1601
21.2086
21.127
21.0527
21.1668
21.1774
21.1555
21.1236
21.118
21.1538
21.0282
21.1188
21.0577
21.2052
21.205
21.0866
21.1612
21.2911
21.1439
21.1502
21.0741
21.0965
21.1711
21.1618
21.2111
21.1079
21.1758
21.2544
21.1637
21.1528
21.1215
21.1857
21.2066
21.1827
21.1287
21.2064
21.0995
21.1315
21.0547
21.2932
21.0618
21.2857
21.1996
21.0068
21.2101
21.1216
21.1761
21.1375
21.1
21.1606
21.1001
21.2448
21.1969
21.1385
21.2356
21.1503
21.1887
21.1822
21.1796
21.1361
21.0501
21.0779
21.2083
21.2225
21.1715
21.1844
21.2135
21.156
21.2181
21.1158
21.1844
21.3759
21.1925
21.0656
21.2397
21.2062
21.1965
21.139
21.2306
21.1082
21.1458
21.0952
21.1455
21.0847
21.0597
21.0859
21.0949
21.117
21.0265
21.2626
21.183
21.1577
21.1819
21.1823
21.1137
21.081
21.1198
21.0934
21.1681
21.0889
21.0622
21.2752
21.1746
21.116
21.1295
21.1082
21.2693
21.2412
21.1138
21.1934
21.141
21.3036
21.1909
21.1334
21.1242
21.0371
21.1415
21.215
21.0945
21.1385
21.1721
21.1039
21.1764
21.1505
21.0352
21.028
21.0997
21.1564
21.0835
21.1877
21.0753
21.1246
21.204
21.102
21.273
21.1269
21.2
21.1403
21.0835
21.2629
21.1086
21.132
21.0962
21.0655
21.1806
21.2392
21.1545
21.1526
21.1129
21.2344
21.0877
21.2357
21.1404
21.1269
21.1289
21.1622
21.1479
21.1691
21.0145
21.1675
21.1194
21.2338
21.1723
21.2041
21.114
21.2517
21.43
21.1934
21.2276
21.2175
21.3047
21.2837
21.1537
21.1669
21.1578
21.2073
21.1837
21.1077
21.145
21.0267
21.21
21.1046
21.2843
21.0482
21.103
21.1509
21.2107
21.1667
21.069
21.3283
21.1804
20.963
21.0897
21.224
21.1865
21.1525
21.0556
21.1254
21.1496
21.1221
21.2686
21.2355
21.2395
21.1139
21.1709
21.0823
21.1336
21.0604
21.0465
21.0987
21.0289
21.1255
21.1009
21.1578
21.31
21.0957
21.1653
21.0873
21.1831
21.081
21.1496
21.1187
21.2173
21.1359
21.1979
21.0567
21.1326
21.1343
21.1175
21.1683
21.1434
21.153
21.1297
21.0174
21.1311
21.1695
21.0475
21.1833
21.1011
21.1369
21.2396
21.1531
21.154
21.2239
21.2044
21.1345
21.1145
21.1304
21.1157
21.1466
21.1406
21.2019
21.2002
21.1797
21.1583
21.1874
21.1349
21.2123
21.0421
21.1766
21.1359
21.1529
21.2261
21.1609
21.248
21.2113
21.131
21.0775
21.1203
21.1159
21.1264
21.1871
21.2374
21.2541
21.1944
21.152
21.1428
21.1187
21.0644
21.1243
21.2032
21.1932
21.1312
21.2064
21.2158
21.2107
21.2213
21.1127
21.1234
21.1492
21.152
21.0691
21.1648
21.1972
21.1404
21.085
21.1809
21.1284
21.0793
21.1687
21.1514
21.2798
21.0641
21.1203
21.1682
21.237
21.1669
21.0663
21.2185
21.1542
21.0827
21.149
21.1287
21.0513
21.1322
21.196
21.2612
21.1794
21.1339
21.1933
21.1467
21.1086
21.2296
21.2431
21.356
21.1031
21.2335
21.1364
21.1135
21.1974
21.0928
21.1208
21.2755
21.1493
21.0821
21.0499
21.2351
21.1188
21.1197
21.1018
21.1702
21.2226
21.0863
21.2462
21.2743
21.1775
21.2152
21.1957
21.1616
21.1155
21.0281
21.2267
21.0899
21.2576
21.0643
21.2321
21.3396
21.1535
21.1376
21.0954
21.2271
21.2012
21.3381
21.0855
21.1373
21.3058
21.1888
21.1877
21.1872
21.2641
21.0529
21.1857
21.0601
21.1193
21.1923
21.0883
21.1924
21.2739
21.1463
21.1391
21.1527
21.133
21.1566
21.1862
21.2007
21.1152
21.0926
21.1464
21.1413
21.2431
21.2055
21.1059
21.1919
21.1323
21.1858
21.2047
21.1685
21.2382
21.0995
21.1498
21.0234
21.1827
21.1505
21.3264
21.1713
21.1469
21.1091
21.1408
21.2513
21.149
21.1184
21.2283
21.1792
21.1164
21.2185
21.1375
21.215
21.2752
21.1888
21.2086
21.211
21.2833
21.1097
21.0856
21.1751
21.2874
21.2351
21.0889
21.1381
21.1321
21.1316
21.0569
21.1511
21.0751
21.2172
21.1958
21.2557
21.1935
21.3064
21.2804
21.0904
21.253
21.1754
21.1906
21.2489
21.1633
21.0927
21.2318
21.1836
21.1641
21.3126
21.1575
21.0744
21.1254
21.1486
21.0893
21.1077
21.2056
21.0031
21.1054
21.1326
21.14
21.1458
21.1733
21.0782
21.1498
21.2411
21.2452
21.147
21.1767
21.1466
21.1724
21.107
21.1517
21.2026
20.9536
21.0406
21.1064
21.1796
21.2067
21.1691
21.1508
21.2112
21.0542
21.1604
21.1644
21.0937
21.2254
21.2432
21.1571
21.2884
21.2094
21.1133
21.1632
21.1691
21.2986
21.1318
21.1985
21.1409
21.238
21.12
21.0913
21.1759
21.2313
21.1841
21.4138
21.1554
21.1646
21.1765
21.062
21.1639
21.0674
21.1459
21.1918
21.1677
21.204
21.1262
21.2223
21.0883
21.1922
21.1186
21.0244
21.126
21.0848
21.1055
21.1735
21.1719
21.1514
21.1352
21.0797
21.1939
21.1753
21.1491
21.3093
21.1419
21.0764
21.07
21.0742
21.2592
21.1261
21.167
21.1983
21.0855
21.1978
20.9753
21.1209
21.0304
20.9919
21.1938
21.1472
21.1421
21.2673
21.1826
21.1274
21.1224
20.9994
21.0639
21.0814
21.1745
21.1253
21.1917
21.0719
21.1443
21.0621
21.2812
21.0523
21.1884
21.0882
21.1476
21.0695
21.1124
21.0943
21.1971
21.1386
21.1289
21.2066
21.2652
21.1724
21.1509
21.1729
21.2775
21.1567
21.1308
21.1125
21.178
21.1583
21.195
21.1175
21.128
21.1081
21.1079
21.1669
21.1899
21.2699
21.1977
21.1448
21.2587
21.1328
21.2175
21.1874
21.1049
21.0977
21.1418
21.123
21.1262
21.2134
21.1688
21.1284
21.1435
21.1638
21.1653
21.1042
21.0478
21.131
21.1446
21.2508
21.2212
21.2246
21.1059
21.1749
21.1537
21.0409
21.1616
21.1044
21.2339
21.2082
21.1643
21.0774
21.1399
21.1988
21.0287
21.2462
21.0911
21.185
21.2406
21.1967
21.5954
21.1955
21.215
21.159
21.1013
21.1421
21.1066
21.1233
21.1461
21.1173
21.1473
21.112
21.1614
21.3328
21.2238
21.0907
21.1075
21.0851
21.1258
21.0185
21.1051
21.1934
21.2009
21.1713
21.1545
21.0718
21.1806
21.2224
21.2211
21.2531
21.1137
21.2224
21.1526
21.0932
21.0843
21.1884
21.3323
21.1024
21.1548
21.1589
21.1518
21.1405
21.0857
21.1531
21.0264
21.2632
21.1664
21.2146
21.204
21.1813
21.1882
21.1726
21.2031
21.1232
21.2278
21.263
21.172
21.2136
21.2363
21.1486
21.2138
21.1118
21.2767
21.1612
21.1896
21.1297
21.1779
21.2364
21.161
21.1024
21.0839
21.1765
21.1387
21.0646
21.0957
21.2086
21.1349
21.1221
21.07
21.0073
21.1835
21.085
21.1811
21.2149
21.1879
21.1299
21.1208
21.1983
21.1414
21.11
21.1358
21.1628
21.1425
21.0755
21.1449
21.1386
21.1902
21.2377
21.2782
21.1359
21.0798
21.1881
21.1859
21.115
21.1174
21.2061
21.1665
21.1618
21.1789
21.1495
21.1775
21.1082
21.1466
21.0514
21.1902
21.2615
21.089
21.1218
21.1904
21.0811
21.1709
21.2653
21.1499
21.0735
21.3171
21.0735
21.1755
21.0748
21.1841
21.2409
21.2969
21.1809
21.2665
21.2698
21.0796
21.1378
21.1034
21.1893
21.1268
21.0973
21.1254
21.1152
21.1805
21.1603
21.1597
21.1141
21.1169
21.1222
21.1027
21.1763
21.2191
21.1015
21.1209
21.1587
21.0855
21.0876
21.0327
21.1953
21.1177
21.1154
21.1416
21.172
21.1214
21.2109
21.021
21.2529
21.0695
21.2215
20.9934
21.0291
21.1687
21.2016
21.0994
21.1344
21.1065
21.1273
21.0823
21.0972
21.1735
21.3378
21.137
21.1119
21.1237
21.1207
21.1147
21.2242
21.0254
21.0821
21.0187
21.1411
21.1907
21.087
21.0153
21.0801
21.1602
21.008
21.1471
21.1747
21.1659
21.039
21.344
21.0707
21.1611
21.146
21.1375
21.3372
21.198
21.1392
21.1013
21.144
21.1589
21.1404
21.128
21.0928
21.0729
21.1558
21.2149
21.1326
21.1356
21.1782
21.1132
21.1282
21.1238
21.1613
21.0927
21.139
21.1593
21.1497
21.2438
21.212
21.194
21.143
21.1782
21.0861
21.2378
21.1669
21.0916
21.0786
21.0907
21.1236
21.1065
21.2424
21.1492
21.1571
21.2018
21.1858
21.1067
21.1432
21.0986
21.0785
21.1298
21.2374
21.1132
21.1638
21.0535
21.2382
21.1132
21.222
21.144
21.2568
21.1021
21.3151
21.1621
21.1747
21.0956
21.0611
21.103
21.1251
21.0539
21.1564
21.1316
21.0994
21.1536
21.1387
21.1151
21.1482
21.2687
21.1568
21.1084
21.2658
21.1262
21.1097
21.0467
21.0742
21.0693
21.1095
21.2368
21.1896
21.2124
21.1839
21.1985
21.1382
21.1489
21.2783
21.1288
21.1624
21.1396
21.1923
21.1864
21.2215
21.1936
21.1301
21.1516
21.2715
21.1371
21.2525
21.2808
21.2194
21.0805
21.1544
21.2015
21.1933
21.0817
21.0151
21.1125
21.2555
21.093
21.1384
21.1726
21.1305
21.2463
21.1831
21.1185
21.1356
21.0615
21.1095
21.1226
21.1085
21.1595
21.1238
21.0806
21.1472
21.176
21.2084
21.1003
21.1333
21.0834
21.131
21.1471
21.0691
21.1545
21.1242
21.147
21.1272
21.2248
21.0689
21.1409
21.13
21.1165
21.1414
21.0794
21.0674
21.1043
21.178
21.0858
21.1629
21.1235
21.0951
21.0921
21.0685
21.1671
21.0897
21.1546
21.1715
21.1816
21.1033
21.1578
21.2248
21.095
21.1568
21.0566
21.2044
21.0466
21.2042
21.1843
21.1945
21.1473
21.2506
21.0636
21.1142
21.1594
21.1048
21.2191
21.0896
21.1474
21.2668
21.1358
21.1161
21.1138
21.0894
21.101
21.1271
21.0732
21.1451
21.1189
21.2065
21.0808
21.0577
21.1845
21.1665
21.1632
21.1799
21.1175
21.1874
21.0768
21.1685
21.1684
21.2205
21.1572
21.1986
21.225
21.2734
21.1965
21.3065
21.2173
21.1853
21.1935
21.0727
21.1038
21.0376
21.2029
21.2117
21.1623
21.1089
21.0958
21.204
21.1564
21.1685
21.1596
21.1622
21.1225
21.0585
21.2497
21.1123
21.0805
21.2299
21.0688
21.1482
21.1456
21.1565
21.1782
21.1254
21.0445
21.1552
21.2542
21.1385
21.1688
21.1231
21.1205
21.0617
21.1143
21.1596
21.1182
21.0015
21.1418
21.2303
21.2914
21.094
21.1401
21.1393
21.1649
21.1527
21.0934
21.1352
21.1168
21.091
21.1198
21.2303
21.0928
21.0783
21.1696
21.1589
21.2723
21.175
21.1324
21.2524
20.969
21.1303
21.0911
21.1198
21.2613
21.2007
21.1229
21.1624
21.1125
21.223
21.1506
21.1836
21.1097
21.2738
21.0814
21.082
21.0322
21.1906
21.1436
21.1661
21.1801
21.054
21.042
21.1207
21.1909
21.1268
21.1287
21.1933
21.1896
21.3116
21.1471
21.1513
21.1711
21.0732
21.2043
21.0653
21.1344
21.1073
21.1721
21.0426
21.0549
21.1547
21.1032
21.0465
21.109
21.2029
21.0701
21.1265
21.1285
21.147
21.1544
21.1158
21.0698
21.1126
21.2009
21.0589
21.0338
21.1229
21.1581
21.0319
21.1504
21.1678
21.179
21.1017
21.1127
21.074
21.1611
21.2061
21.1486
21.0824
21.0849
21.1906
21.1759
21.1765
21.05
21.287
21.1185
21.1009
21.1225
21.1144
21.1895
21.1177
21.3331
21.1019
21.2356
21.2382
21.1205
21.1474
21.1647
21.2426
21.1626
21.1404
21.1203
21.0518
21.0814
21.1226
21.1189
21.1239
21.0468
21.2309
21.1249
21.1595
21.1367
21.1657
21.0621
21.1516
21.0762
21.1137
21.1854
21.1368
21.1554
21.1242
21.2386
21.1388
21.1293
21.0935
21.1118
21.1897
21.0886
21.1643
21.227
21.0654
21.1092
21.0188
21.0905
21.0961
21.0595
21.0694
21.1692
21.117
21.0981
21.1098
21.1659
21.0782
21.0603
21.1379
20.9881
21.2203
21.2147
21.0734
21.2319
21.0742
21.1708
21.1132
21.0992
21.2011
21.3145
20.9692
21.1632
21.0881
21.1185
21.1348
21.1016
21.2133
21.1278
21.0845
21.0975
21.2296
21.1452
21.1119
21.1349
21.1441
21.1198
21.0966
21.2
21.1387
21.0863
21.0793
21.0721
21.1298
21.0771
21.0471
21.0852
21.0428
21.208
21.2172
21.1483
21.1089
21.1667
21.1032
21.081
21.0995
21.1881
21.1798
21.1938
21.1617
21.1059
21.1242
21.2119
21.1018
21.2096
21.0947
21.1193
21.095
21.0817
21.1313
21.2592
21.1774
21.105
21.0915
21.2131
21.2223
21.1469
21.2232
21.0168
21.1441
21.0639
21.1769
21.1545
21.1989
21.1743
21.1717
21.2438
21.2014
21.186
21.1488
21.1362
21.1129
21.1492
21.17
21.1639
21.1455
21.1588
21.0874
21.2155
21.1188
21.1032
21.1897
21.1261
21.0548
21.1264
21.1418
21.1298
21.2211
21.0928
21.1445
21.161
21.119
21.1023
21.1017
21.2953
21.1516
21.1969
21.096
21.2153
21.1976
21.1187
21.1775
21.0756
21.165
21.0933
21.13
21.0877
21.1032
21.1996
21.2008
21.1679
21.2558
21.0714
21.1714
21.1554
21.2449
21.145
21.1632
21.0976
21.1781
21.1055
21.1578
21.1022
21.1122
21.1833
21.1827
21.0823
21.1284
21.1531
21.0471
21.0809
21.131
21.0649
21.1532
21.1348
21.1833
21.155
21.1991
21.2582
21.0993
21.1274
21.0765
21.1494
21.0797
21.0982
21.1292
21.2089
21.0565
20.9991
21.1102
21.0525
21.1701
21.1148
21.0971
21.1325
21.1356
21.2046
21.2802
21.1672
21.0308
21.0616
21.092
21.1325
21.1308
21.0912
21.1461
21.2261
21.1264
21.1099
21.1712
21.1309
21.1509
21.1631
21.1533
21.1226
21.1592
21.0212
21.2162
21.2414
21.0976
21.1131
21.1241
21.203
21.1452
21.018
21.2169
21.0988
21.0931
21.1523
21.1004
21.0212
21.1547
21.1664
21.1574
21.0558
21.0591
21.0819
21.0384
21.271
21.1566
21.0937
21.1366
21.1405
21.1307
21.2411
21.1308
21.0931
21.0647
21.1454
21.1943
21.1798
21.2348
21.1533
21.0888
21.1479
21.0789
21.1277
21.1483
21.0488
21.0677
21.0521
21.1258
21.1241
21.08
21.1484
21.1437
21.1436
21.0677
21.0155
21.154
21.1367
21.1312
21.1252
21.1662
21.131
21.2267
21.0961
21.0744
21.2313
21.2056
21.0726
21.1025
21.1197
21.1195
21.0997
21.1118
21.1887
21.0562
21.1565
21.1388
21.1152
21.1043
21.0979
21.2244
21.1067
21.1721
21.0012
21.156
21.1491
21.0882
21.1042
21.1427
21.1144
21.2136
21.1799
21.1832
21.1269
21.2226
21.0632
21.1924
21.1694
21.1618
21.1148
21.1498
21.1751
21.1177
21.1584
21.2279
21.0571
21.3285
21.1392
21.3355
21.1998
21.028
21.2091
21.0949
21.1049
21.1138
21.1641
21.111
21.115
21.0706
21.187
21.1203
21.0936
21.1943
21.206
21.0688
21.1883
21.0961
21.2407
21.111
21.2138
21.2438
21.1602
21.1086
21.1592
21.1422
21.1098
21.2184
21.0558
21.1843
21.0759
21.1073
21.1697
21.1599
21.1129
21.1769
21.2089
21.0429
21.1534
21.2298
21.1183
21.0443
21.1457
21.1165
21.1844
21.2667
21.1266
21.1586
21.0657
21.2627
21.1697
21.1747
21.0858
21.0642
21.0798
21.1091
20.9954
21.1936
21.0976
21.1296
21.2222
21.1472
21.0925
21.1321
21.1391
21.1496
21.0327
21.0807
21.1717
21.162
21.1361
21.0466
21.1376
21.0844
21.0986
21.0957
21.067
21.2229
21.2454
21.1386
21.1053
21.0999
21.054
21.1287
21.0914
21.1167
21.1241
21.1782
21.0965
21.0714
21.0075
21
20.9942
21.1159
21.2135
21.0303
21.1077
21.2354
21.1604
21.0405
21.3116
21.1767
21.0801
21.2058
21.1188
21.2003
21.0992
21.1107
21.2082
21.1734
21.181
21.1269
21.0919
21.2356
21.0878
21.2848
21.1291
21.1386
21.1231
21.1434
21.1649
21.1807
21.1769
21.1198
21.2364
21.2511
21.1067
21.1424
21.1621
21.1552
21.269
21.1342
21.1008
21.1082
21.2603
21.0735
21.0561
21.0495
21.2408
21.204
21.0656
21.1301
21.0932
21.1725
21.0821
21.084
21.1983
21.1059
21.2487
21.17
21.1032
21.1151
21.1536
21.136
21.1649
21.1509
21.4265
21.1543
21.1358
21.1626
21.1157
21.227
21.1172
21.1605
21.1287
21.1201
21.0841
21.0553
21.1399
21.0649
21.1177
21.139
21.1461
21.1178
21.0849
21.169
21.0769
21.0683
21.099
21.1066
21.0941
21.0701
21.0525
21.1152
21.1977
21.079
21.075
21.0978
21.0997
21.1526
21.1065
21.1095
21.1857
21.1633
21.1332
21.1231
21.143
21.1851
21.1666
21.0953
21.1987
21.0763
21.1238
21.0734
21.1375
21.2434
21.1092
21.0565
21.213
21.1532
21.1475
21.0444
21.1629
21.1538
21.4321
21.1544
21.1258
21.0755
21.1725
21.1362
21.146
21.1494
21.1543
21.0848
21.2162
21.1087
21.1403
21.1455
20.9927
21.1502
21.041
21.0649
21.1462
21.0584
21.214
21.3752
21.0936
21.1184
21.1025
21.0478
21.1432
21.0888
21.0457
21.1001
21.1215
21.1455
21.1001
21.073
21.1527
21.1026
21.0258
21.216
21.0976
21.0575
21.0928
21.1727
21.1183
21.1526
21.1807
21.148
21.109
21.1477
