3.31349
3.22374
3.19162
3.1907
3.21202
3.2265
3.17614
3.22017
3.21555
3.18164
3.20189
3.21335
3.20289
3.16893
3.23499
3.21291
3.17448
3.22205
3.18746
3.20727
3.33887
3.19793
3.22706
3.24506
3.22338
3.23434
3.21822
3.22039
3.21028
3.21602
3.25017
3.20908
3.2105
3.18512
3.23327
3.17102
3.19044
3.22203
3.28092
3.21123
3.21106
3.22823
3.13768
3.18857
3.20125
3.21009
3.21143
3.18398
3.1733
3.17471
3.22559
3.23308
3.18227
3.17935
3.1981
3.21078
3.21117
3.20701
3.21252
3.20749
3.20813
3.14362
3.22418
3.19086
3.25798
3.24872
3.22765
3.14439
3.19515
3.20031
3.19135
3.21947
3.17764
3.19221
3.17289
3.24883
3.20127
3.17823
3.21229
3.17028
3.25827
3.23185
3.19796
3.19338
3.17706
3.17477
3.16848
3.19687
3.1912
3.16249
3.24962
3.15206
3.21096
3.16954
3.14183
3.16959
3.20775
3.21422
3.13708
3.2404
