3.22467
3.24004
3.25062
3.24172
3.27188
3.23915
3.22358
3.23222
3.20507
3.21493
3.22781
3.21168
3.21611
3.24209
3.22876
3.22184
3.2142
3.22919
3.23045
3.24141
3.24435
3.21705
3.19252
3.22662
3.203
3.21514
3.21362
3.22886
3.22514
3.24159
3.21758
3.2181
3.21784
3.2205
3.18986
3.20624
3.21382
3.2159
3.21446
3.22096
3.20336
3.2287
3.21949
3.21111
3.21395
3.23956
3.21739
3.20822
3.21973
3.19748
3.19021
3.19187
3.2121
3.23478
3.1937
3.22393
3.1905
3.22002
3.21244
3.21467
3.21104
3.2016
3.22501
3.20741
3.18274
3.21144
3.19894
3.19134
3.21706
3.19642
3.22257
3.2063
3.20076
3.19623
3.21734
3.20346
3.18575
3.20864
3.18614
3.18447
3.21943
3.2254
3.22275
3.19564
3.20949
3.1984
3.19194
3.22677
3.24945
3.20323
3.22811
3.20977
3.23088
3.18562
3.20017
3.19071
3.2238
3.19686
3.21499
3.21304
3.19008
3.22111
3.17329
3.20157
3.21096
3.18696
3.20249
3.21181
3.18094
3.20808
3.21472
3.19492
3.19134
3.20305
3.20588
3.20679
3.2132
3.19505
3.21955
3.19169
3.19949
3.21114
3.18661
3.17861
3.20964
3.17161
3.20283
3.20251
3.19808
3.21388
3.17884
3.2084
3.17479
3.20765
3.18835
3.18052
3.1802
3.18586
3.19619
3.17508
3.19649
3.20265
3.20937
3.22779
3.18457
3.1829
3.18875
3.18365
3.19723
3.18225
3.19294
3.19213
3.21651
3.20799
3.19455
3.17254
3.21528
3.16791
3.20096
3.18196
3.18139
3.16678
3.19192
3.18847
3.16196
3.20271
3.20114
3.17323
3.17961
3.19215
3.18587
3.18461
3.17786
3.18275
3.18431
3.1801
3.17498
3.21494
3.17699
3.17405
3.20463
3.18046
3.17987
3.16837
3.1732
3.18132
3.18547
3.17993
3.1769
3.18887
3.15527
3.16572
3.16727
3.19303
3.17847
3.19756
3.18861
3.17724
3.18343
3.15663
3.15551
3.15464
3.16288
3.16813
3.16051
3.18244
3.16337
3.19036
3.13987
3.1802
3.14369
3.15898
3.16797
3.1664
3.15075
3.16759
3.17661
3.15963
3.15854
3.19823
3.16718
3.17013
3.15711
3.16196
3.1655
3.1695
3.18194
3.16972
3.18691
3.17472
3.16286
3.15197
3.16817
3.14991
3.15119
3.13944
3.19158
3.16105
3.15528
3.16992
3.16186
3.15963
3.1491
3.17128
3.16663
3.16223
3.15629
3.16291
3.17539
3.16263
3.15067
3.16717
3.14409
3.13983
3.14377
3.1687
3.14314
3.17172
3.13792
3.15967
3.14974
3.15473
3.16288
3.13844
3.14775
3.14397
3.1486
3.15447
3.16723
3.1607
3.14491
3.15983
3.15583
3.14844
3.12066
3.14836
3.13822
3.15474
3.15172
3.14348
3.14562
3.15743
3.1612
3.17471
3.13987
3.14729
3.14525
3.12483
3.15005
3.15757
3.11879
3.14169
3.13731
3.13467
3.14026
3.14336
3.14353
3.13269
3.14321
3.1217
3.13642
3.15875
3.16093
3.14284
3.13782
3.14637
3.12345
3.15222
3.15545
3.13494
3.17198
3.15841
3.135
3.16959
3.12576
3.13242
3.12035
3.1329
3.1187
3.12497
3.10129
3.12972
3.15705
3.13511
3.13283
3.13279
3.12208
3.11304
3.12637
3.11685
3.14998
3.12843
3.13055
3.1176
3.10581
3.1287
3.11129
3.11594
3.11978
3.12339
3.12275
3.11788
3.13231
3.1137
3.13068
3.12445
3.12395
3.15226
3.12739
3.12389
3.13279
3.10852
3.13442
3.11063
3.13009
3.12171
3.11602
3.11637
3.11274
3.14692
3.11511
3.12817
3.13546
3.10294
3.12266
3.11577
3.115
3.1112
3.1212
3.1064
3.09632
3.12983
3.11374
3.10927
3.11141
3.10034
3.12697
3.10372
3.11475
3.11939
3.14339
3.11062
3.12784
3.12028
3.10188
3.10665
3.12386
3.11075
3.13597
3.09974
3.11452
3.12417
3.12965
3.10549
3.12264
3.09437
3.11363
3.0955
3.13663
3.10575
3.11666
3.10724
3.10618
3.11172
3.11754
3.12895
3.13029
3.12035
3.11978
3.08242
3.1192
3.09622
3.12168
3.10046
3.11344
3.20039
3.12601
3.0916
3.13525
3.10042
3.11329
3.12912
3.10071
3.09788
3.14865
3.07547
3.11287
3.09503
3.1129
3.10036
3.09888
3.13181
3.1148
3.10074
3.10649
3.11878
3.11837
3.09069
3.10815
3.09566
3.10671
3.08557
3.09657
3.13408
3.08673
3.1168
3.11116
3.1432
3.12123
3.12332
3.09509
3.09241
3.11746
3.11183
3.08872
3.12873
3.11171
3.114
3.11233
3.07321
3.08991
3.12596
3.1065
3.08232
3.09257
3.10656
3.10814
3.10515
3.09542
3.10415
3.09752
3.0893
3.1109
3.11018
3.08761
3.10452
3.081
3.10483
3.10471
3.09028
3.11898
3.09531
3.09552
3.09696
3.08268
3.09026
3.09559
3.08584
3.10372
3.09745
3.11744
3.10173
3.11343
3.1076
3.09892
3.09932
3.10277
3.09002
3.09583
3.10151
3.08704
3.09813
3.09147
3.09727
3.06784
3.09634
3.10041
3.09474
3.12807
3.10877
3.08592
3.10446
3.07598
3.09739
3.09025
3.10239
3.07825
3.07795
3.10758
3.08138
3.09278
3.08648
3.09205
3.08781
3.08547
3.0948
3.08475
3.09131
3.07381
3.09233
3.08975
3.11054
3.10769
3.08926
3.09199
3.09722
3.08969
3.10097
3.08548
3.09381
3.09157
3.07848
3.08679
3.10661
3.08511
3.11071
3.06492
3.0732
3.09826
3.08617
3.08561
3.07884
3.08745
3.08854
3.10179
3.07881
3.07306
3.10103
3.0877
3.07522
3.07432
3.09235
3.07614
3.07228
3.09261
3.11753
3.08027
3.08388
3.10191
3.09276
3.07899
3.08941
3.09126
3.06731
3.07724
3.08667
3.0854
3.08326
3.07716
3.09083
3.12111
3.10782
3.08257
3.10858
3.08989
3.09211
3.07306
3.08141
3.08879
3.07144
3.08258
3.08264
3.09901
3.07111
3.09604
3.10434
3.08952
3.09233
3.07446
3.10008
3.07629
3.0978
3.0742
3.08922
3.09897
3.07611
3.09873
3.08974
3.09891
3.08449
3.07355
3.10973
3.08339
3.07564
3.07454
3.09391
3.08208
3.09486
3.08944
3.09021
3.07591
3.09002
3.08089
3.10223
3.09491
3.10104
3.09085
3.07013
3.06944
3.098
3.06852
3.08409
3.08708
3.1091
3.07532
3.09711
3.07859
3.09461
3.07631
3.08524
3.08429
3.06146
3.05917
3.08472
3.06801
3.0843
3.05967
3.07089
3.15642
3.05377
3.08757
3.10398
3.0899
3.07203
3.07596
3.07351
3.10025
3.11189
3.0762
3.08227
3.0765
3.1135
3.08736
3.09238
3.07473
3.08497
3.10861
3.10778
3.08153
3.0956
3.09165
3.09789
3.09407
3.08882
3.07185
3.06909
3.079
3.08694
3.08446
3.09463
3.08374
3.09345
3.0837
3.08249
3.07765
3.09026
3.08122
3.08294
3.07372
3.08981
3.09992
3.08474
3.08557
3.09121
3.094
3.07315
3.08223
3.07721
3.08642
3.06419
3.07152
3.08632
3.06542
3.07232
3.07851
3.08388
3.096
3.06453
3.09472
3.0691
3.08561
3.07629
3.0631
3.07501
3.06389
3.0921
3.09006
3.08629
3.08552
3.07267
3.07632
3.11067
3.09196
3.09427
3.08191
3.08878
3.05697
3.08709
3.08893
3.10272
3.05957
3.06529
3.07916
3.07772
3.07577
3.07559
3.07162
3.08489
3.08158
3.08738
3.08065
3.07385
3.08538
3.08
3.06713
3.07293
3.05019
3.07759
3.07041
3.07922
3.08044
3.0736
3.08647
3.0879
3.08509
3.09324
3.07062
3.07567
3.07085
3.08846
3.11133
3.07753
3.06844
3.07289
3.10565
3.05897
3.08513
3.06158
3.07329
3.08071
3.08199
3.08091
3.08444
3.08942
3.0752
3.08943
3.07036
3.07701
3.06947
3.07653
3.06934
3.07082
3.07976
3.08207
3.06987
3.06223
3.07832
3.1144
3.09002
3.07441
3.10174
3.08686
3.06857
3.07592
3.07447
3.08987
3.10346
3.05436
3.09492
3.06726
3.0893
3.07116
3.06769
3.07467
3.08197
3.08107
3.08167
3.0778
3.08713
3.08578
3.07429
3.06792
3.0967
3.10945
3.08665
3.09193
3.07265
3.08462
3.08552
3.0893
3.10116
3.06088
3.09268
3.08781
3.08784
3.08991
3.08615
3.09159
3.07912
3.08964
3.06243
3.08463
3.06125
3.08018
3.08391
3.07204
3.06186
3.06132
3.06407
3.07272
3.06695
3.08706
3.09324
3.09045
3.06904
3.07724
3.06917
3.09752
3.07433
3.08083
3.08514
3.0788
3.07286
3.07661
3.07367
3.07937
3.08046
3.08929
3.07006
3.06814
3.08031
3.07193
3.08858
3.07104
3.08033
3.08182
3.08244
3.08461
3.07851
3.09167
3.06356
3.06427
3.07539
3.09469
3.0939
3.07838
3.09152
3.07545
3.08433
3.06934
3.08923
3.06677
3.07305
3.07888
3.06689
3.09556
3.0698
3.08158
3.1003
3.08156
3.06777
3.11189
3.07389
3.10307
3.06632
3.07899
3.07192
3.05952
3.0824
3.06939
3.06905
3.07452
3.07899
3.08053
3.07485
3.07128
3.05829
3.08336
3.07686
3.08123
3.07979
3.07598
3.08396
3.0855
3.08487
3.0982
3.09398
3.08504
3.09279
3.08469
3.08535
3.06906
3.1054
3.08254
3.07179
3.08795
3.08333
3.08679
3.0915
3.08686
3.06679
3.06692
3.07968
3.07683
3.06452
3.08491
3.09235
3.08758
3.07392
3.07352
3.07349
3.0942
3.09004
3.07877
3.07181
3.05887
3.09443
3.0733
3.07929
3.0759
3.06849
3.08155
3.07951
3.07325
3.08458
3.07687
3.07973
3.09827
3.08276
3.08089
3.09274
3.09331
3.07708
3.08025
3.07105
3.05346
3.07865
3.06903
3.09086
3.08413
3.07786
3.06912
3.07346
3.06983
3.0705
3.07949
3.07075
3.09011
3.08484
3.09736
3.08259
3.07778
3.07287
3.08234
3.06648
3.05768
3.07226
3.0798
3.0734
3.07822
3.10584
3.07171
3.0824
3.09483
3.07871
3.07521
3.05631
3.06941
3.06557
3.08365
3.07071
3.08633
3.10047
3.112
3.05488
3.06066
3.07588
3.07791
3.07198
3.07435
3.07584
3.06976
3.07922
3.06701
3.09621
3.07148
3.068
3.08012
3.07354
3.0878
3.07791
3.06574
3.063
3.07615
3.08211
3.06535
3.09207
3.06932
3.08411
3.0762
3.07984
3.09491
3.06313
3.08388
3.064
3.06676
3.09418
3.07668
3.05526
3.07504
3.07179
3.08175
3.07637
3.07824
3.07733
3.06478
3.06053
3.0839
3.09673
3.09336
3.07387
3.07911
3.07533
3.09275
3.07731
3.08622
3.07206
3.07078
3.07165
3.06232
3.06919
3.07766
3.09133
3.06895
3.07667
3.09266
3.10803
3.08745
3.06192
3.07196
3.07141
3.09482
3.07372
3.08403
3.08936
3.08546
3.06633
3.06778
3.0661
3.08747
3.07755
3.07484
3.05075
3.07475
3.06683
3.0864
3.07018
3.06532
3.07023
3.06656
3.05927
3.09906
3.07258
3.08279
3.07698
3.09073
3.08293
3.08066
3.08543
3.06218
3.07608
3.07027
3.06486
3.07142
3.06627
3.08709
3.11808
3.07099
3.10026
3.07364
3.07923
3.07726
3.08353
3.08589
3.06995
3.06386
3.07685
3.07822
3.07213
3.09093
3.08807
3.06235
3.06722
3.08972
3.09977
3.08405
3.06664
3.07123
3.09054
3.0974
3.07663
3.09513
3.07427
3.07332
3.07037
3.08823
3.08006
3.06651
3.08286
3.07909
3.08282
3.07178
3.07252
3.06902
3.08372
3.0792
3.08866
3.0506
3.08248
3.06767
3.078
3.122
3.05966
3.08363
3.07356
3.09059
3.07145
3.06662
3.0893
3.0841
3.077
3.08117
3.08815
3.08609
3.07119
3.09301
3.05883
3.0504
3.08316
3.0922
3.06817
3.07394
3.09399
3.07502
3.07439
3.06386
3.06178
3.08071
3.08088
3.07338
3.07205
3.0818
3.05756
3.07581
3.08635
3.06847
3.05354
3.08447
3.06896
3.07239
3.07621
3.06615
3.08569
3.07257
3.0941
3.08254
3.08378
3.0901
3.07134
3.07951
3.10233
3.07056
3.09254
3.06011
3.07387
3.07946
3.05468
3.08194
3.08929
3.05479
3.09774
3.06026
3.0783
3.06805
3.07707
3.10876
3.08328
3.08947
3.09084
3.08212
3.09763
3.08769
3.06132
3.09182
3.08284
3.0674
3.07104
3.08004
3.06943
3.11463
3.07915
3.0659
3.0773
3.07229
3.07994
3.0832
3.0982
3.08014
3.07212
3.07465
3.07248
3.11139
3.07912
3.07544
3.07542
3.08026
3.07656
3.08519
3.07347
3.08678
3.08967
3.08697
3.07353
3.07319
3.07926
3.06881
3.06678
3.06287
3.08366
3.08532
3.1028
3.09055
3.07169
3.0797
3.06449
3.09546
3.08823
3.07143
3.06364
3.07644
3.10075
3.082
3.08472
3.0971
3.06703
3.09067
3.07944
3.08601
3.06083
3.09067
3.06126
3.09296
3.08146
3.09208
3.08425
3.07758
3.07285
3.07352
3.08856
3.06444
3.09722
3.06934
3.05306
3.08939
3.08097
3.07829
3.07321
3.06446
3.0882
3.11712
3.08236
3.07762
3.07244
3.05383
3.08513
3.0746
3.07376
3.08092
3.08047
3.07271
3.08415
3.05714
3.07882
3.08481
3.08869
3.07883
3.05963
3.08615
3.08022
3.09107
3.0664
3.08788
3.07941
3.08457
3.07612
3.09651
3.07497
3.07689
3.11281
3.08672
3.07308
3.09563
3.09218
3.06773
3.06077
3.08675
3.05422
3.07367
3.08293
3.07413
3.06246
3.07762
3.06705
3.07793
3.08046
3.06723
3.09338
3.07109
3.07736
3.07974
3.0771
3.08439
3.08171
3.07239
3.07383
3.0811
3.07863
3.08205
3.08722
3.08907
3.08237
3.06396
3.08335
3.07175
3.07213
3.08818
3.08163
3.07502
3.08435
3.08293
3.07819
3.07976
3.07191
3.08525
3.08922
3.09346
3.06511
3.08271
3.06733
3.07971
3.08049
3.08287
3.08851
3.07955
3.06578
3.08174
3.09067
3.0644
3.09065
3.07248
3.07644
3.08391
3.06942
3.09616
3.08344
3.06713
3.09116
3.08514
3.09836
3.06267
3.08301
3.08119
3.09294
3.07001
3.07635
3.08115
3.09359
3.08615
3.06493
3.0742
3.09392
3.09213
3.09367
3.07327
3.08741
3.09065
3.06929
3.07578
3.05908
3.06587
3.06699
3.06979
3.06994
3.07858
3.09775
3.06672
3.07543
3.0679
3.07164
3.09691
3.06654
3.0666
3.09996
3.07283
3.09096
3.08086
3.10775
3.09087
3.08962
3.05628
3.0945
3.06256
3.08052
3.07924
3.07408
3.07057
3.0795
3.06081
3.06768
3.08092
3.05925
3.07367
3.08429
3.08006
3.09493
3.08178
3.07825
3.08153
3.07356
3.07814
3.07482
3.06818
3.06908
3.08262
3.1025
3.08705
3.05395
3.0675
3.06995
3.08577
3.08304
3.07433
3.07054
3.06142
3.08785
3.07144
3.08134
3.09293
3.08826
3.07483
3.09489
3.08652
3.07641
3.09373
3.08211
3.1075
3.08312
3.09514
3.07815
3.0754
3.07508
3.0966
3.08303
3.07419
3.06454
3.07673
3.07275
3.05996
3.09109
3.08907
3.08681
3.07491
3.07299
3.09019
3.11398
3.06851
3.06521
3.09231
3.07648
3.06831
3.07139
3.091
3.06419
3.06885
3.07242
3.08885
3.07951
3.1121
3.10562
3.07569
3.09134
3.1043
3.10337
3.08309
3.07888
3.08498
3.07995
3.0766
3.08071
3.08776
3.0907
3.11798
3.07437
3.07683
3.05859
3.08094
3.07148
3.07651
3.08933
3.07461
3.08461
3.05745
3.0687
3.07025
3.07417
3.08417
3.0752
3.08284
3.06514
3.0724
3.06287
3.11058
3.08357
3.08112
3.06319
3.08625
3.08282
3.0754
3.07564
3.06788
3.07956
3.10295
3.0841
3.13461
3.09217
3.09046
3.07294
3.10742
3.09044
3.06146
3.08578
3.068
3.06175
3.09537
3.07794
3.09881
3.09493
3.07078
3.07089
3.0755
3.06967
3.07619
3.09076
3.07624
3.06867
3.06538
3.07764
3.06979
3.08775
3.08245
3.07568
3.07085
3.08042
3.09089
3.09764
3.08962
3.07633
3.08324
3.08693
3.06878
3.09113
3.08232
3.07244
3.07347
3.08061
3.09572
3.09143
3.04839
3.08321
3.08849
3.07746
3.06718
3.06991
3.08149
3.08165
3.07335
3.06673
3.07197
3.09665
3.07013
3.07415
3.072
3.07203
3.07681
3.07739
3.06529
3.07608
3.06966
3.07825
3.04281
3.08586
3.06931
3.06915
3.07721
3.10168
3.06248
3.07848
3.06965
3.09076
3.09002
3.10348
3.08133
3.0888
3.08042
3.06754
3.06882
3.06357
3.07727
3.08415
3.07194
3.08276
3.06921
3.08324
3.07544
3.06994
3.07197
3.0739
3.08553
3.07954
3.07906
3.07679
3.0846
3.08357
3.07737
3.0708
3.07829
3.07428
3.08483
3.089
3.07169
3.08625
3.06926
3.06762
3.07154
3.09096
3.07877
3.06723
3.07529
3.08467
3.07622
3.09172
3.07284
3.08371
3.07416
3.07494
3.07222
3.06435
3.07905
3.07402
3.07059
3.05863
3.07634
3.06078
3.08304
3.0767
3.08872
3.09444
3.07681
3.08018
3.06439
3.06953
3.07702
3.07994
3.09707
3.08423
3.09074
3.07157
3.09386
3.07603
3.08608
3.08186
3.08979
3.06736
3.06892
3.1067
3.09043
3.08527
3.0677
3.07994
3.07748
3.07466
3.05568
3.05717
3.08109
3.08818
3.09211
3.09409
3.06537
3.06805
3.07809
3.06714
3.07694
3.07019
3.08265
3.08785
3.08326
3.06379
3.08402
3.05706
3.071
3.06725
3.10484
3.07538
3.07424
3.06999
3.12418
3.07695
3.07037
3.09121
3.07225
3.08586
3.0579
3.0726
3.06948
3.08746
3.09404
3.07676
3.10228
3.08556
3.0638
3.07386
3.06814
3.09034
3.08427
3.0509
3.07782
3.08299
3.08549
3.07237
3.07085
3.08492
3.07319
3.09974
3.08174
3.09166
3.09125
3.07758
3.08953
3.07755
3.08313
3.05896
3.07058
3.07245
3.08819
3.05284
3.10198
3.07768
3.07495
3.0798
3.07375
3.09405
3.07174
3.06827
3.06456
3.08101
3.09486
3.09316
3.07483
3.07444
3.07281
3.08886
3.07167
3.08043
3.0754
3.07122
3.04904
3.08662
3.05697
3.06115
3.07674
3.0815
3.08081
3.0601
3.08359
3.07069
3.07575
3.13466
3.08415
3.07423
3.07624
3.0761
3.07954
3.07789
3.09435
3.06878
3.08723
3.09156
3.07934
3.0946
3.07672
3.09139
3.07484
3.08312
3.09795
3.07248
3.08753
3.09221
3.09617
3.06906
3.09763
3.07609
3.06802
3.09629
3.07882
3.07761
3.08106
3.08963
3.07413
3.05692
3.08099
3.09807
3.08012
3.07204
3.0817
3.07596
3.09777
3.06929
3.09214
3.082
3.07187
3.07652
3.09718
3.05843
3.05495
3.06853
3.09068
3.07064
3.06797
3.07386
3.08873
3.09802
3.08529
3.0973
3.05829
3.09211
3.07938
3.08678
3.08799
3.06751
3.08687
3.06872
3.07088
3.07083
3.08268
3.08291
3.07387
3.08595
3.08934
3.07723
3.08559
3.09612
3.08393
3.06869
3.08478
3.09099
3.07678
3.07846
3.09456
3.0716
3.09156
3.06769
3.08593
3.08997
3.07263
3.08789
3.06914
3.07408
3.08563
3.06889
3.09864
3.06771
3.07218
3.08139
3.06064
3.06584
3.09123
3.09214
3.08201
3.07343
3.07193
3.07417
3.081
3.0906
3.07799
3.06635
3.06869
3.07841
3.07574
3.07051
3.06763
3.0764
3.10219
3.07346
3.08881
3.08256
3.08114
3.08603
3.0767
3.09253
3.06254
3.07578
3.07178
3.07788
3.0747
3.07576
3.09629
3.07948
3.06764
3.08159
3.08418
3.06638
3.09724
3.08172
3.10634
3.07857
3.11317
3.06371
3.10024
3.08806
3.09113
3.07844
3.06544
3.09454
3.07416
3.07645
3.09361
3.08396
3.08356
3.06705
3.07695
3.07376
3.08213
3.0715
3.07661
3.07558
3.09023
3.08286
3.07226
3.06337
3.07631
3.06368
3.06982
3.088
3.07281
3.06713
3.08236
3.07956
3.0779
3.06264
3.07265
3.0798
3.07444
3.09174
3.07165
3.08022
3.07991
3.07835
3.07175
3.09798
3.09617
3.07426
3.08617
3.10083
3.06843
3.07192
3.05537
3.06755
3.08483
3.06852
3.07551
3.05117
3.07236
3.09508
3.08176
3.06764
3.08543
3.087
3.07694
3.08758
3.07668
3.09068
3.08714
3.0535
3.08435
3.09229
3.09901
3.06768
3.05551
3.10095
3.07181
3.06844
3.06434
3.08953
3.09808
3.07223
3.07274
3.07641
3.07287
3.07773
3.08062
3.06996
3.06922
3.07127
3.07094
3.06902
3.0744
3.09538
3.07472
3.08939
3.0868
3.08362
3.07123
3.08886
3.0782
3.07193
3.06888
3.07903
3.0793
3.06741
3.07438
3.08541
3.06066
3.07921
3.06841
3.07192
3.06623
3.07168
3.07797
3.09009
3.07776
3.05966
3.07961
3.07409
3.0749
3.09185
3.08816
3.06964
3.08369
3.06215
3.1005
3.07602
3.06794
3.09042
3.06932
3.07524
3.07488
3.06701
3.09124
3.08089
3.07397
3.08356
3.10868
3.08085
3.07415
3.09496
3.07685
3.076
3.07314
3.05954
3.08515
3.07574
3.07142
3.09524
3.08278
3.08866
3.07048
3.08643
3.08668
3.07324
3.08801
3.08351
3.07707
3.10326
3.08716
3.07689
3.06377
3.08229
3.07038
3.10019
3.07422
3.07923
3.0898
3.08909
3.07188
3.0894
3.07668
3.07765
3.05707
3.06701
3.08787
3.07288
3.0874
3.07678
3.06143
3.08822
3.07914
3.07143
3.06213
3.08738
3.06243
3.08235
3.07833
3.08618
3.07916
3.07083
3.0679
3.0896
3.078
3.07006
3.08016
3.06426
3.07142
3.07143
3.08962
3.07728
3.07797
3.07853
3.07572
3.08355
3.08181
3.0852
3.07027
3.08145
3.07663
3.08261
3.087
3.07733
3.0892
3.0708
3.09493
3.08287
3.07817
3.08027
3.07244
3.06947
3.07944
3.09868
3.07652
3.08215
3.07754
3.07512
3.06532
3.10114
3.06724
3.10307
3.07057
3.06645
3.08096
3.08274
3.08087
3.08038
3.07576
3.08069
3.08186
3.06309
3.06835
3.06346
3.07879
3.09076
3.06608
3.07869
3.06936
3.08596
3.0783
3.07182
3.06263
3.07433
3.07901
3.09725
3.07156
3.06733
3.06376
3.09256
3.07081
3.07929
3.07879
3.09063
3.08492
3.09064
3.0943
3.0803
3.10194
3.09026
3.10484
3.07843
3.06649
3.06218
3.0765
3.06779
3.06866
3.08416
3.06469
3.06643
3.0702
3.07025
3.06421
3.07763
3.06888
3.07037
3.07621
3.07291
3.0867
3.08867
3.06067
3.0734
3.08253
3.06506
3.0881
3.08382
3.06427
3.07146
3.11222
3.07683
3.06268
3.06189
3.08669
3.09584
3.07615
3.07198
3.07909
3.08144
3.06841
3.0714
3.05544
3.06037
3.08052
3.08006
3.06402
3.08981
3.10022
3.09684
3.09323
3.0818
3.07755
3.0809
3.07695
3.0844
3.08534
3.07234
3.0645
3.06956
3.08641
3.06024
3.08341
3.08492
3.06499
3.06784
3.08951
3.06584
3.07778
3.07145
3.08675
3.06975
3.07156
3.07729
3.08935
3.07486
3.07749
3.0927
3.09181
3.08422
3.07742
3.09796
3.09585
3.07297
3.06453
3.09303
3.07916
3.09514
3.06103
3.08903
3.08577
3.08492
3.06344
3.0833
3.07239
3.08669
3.05832
3.07595
3.08202
3.08005
3.07614
3.09007
3.0726
3.07208
3.08632
3.07465
3.07419
3.08215
3.09247
3.07182
3.08245
3.09969
3.08732
3.06327
3.06016
3.09607
3.08384
3.06938
3.09073
3.08089
3.07587
3.0852
3.09229
3.06216
3.0837
3.06522
3.08031
3.08845
3.07107
3.08202
3.07265
3.08423
3.07188
3.08591
3.07613
3.08044
3.09255
3.08119
3.07744
3.07685
3.08756
3.08997
3.09327
3.08351
3.07741
3.07657
3.09517
3.07283
3.0716
3.06806
3.06044
3.07549
3.06979
3.05806
3.07505
3.09419
3.08732
3.05574
3.06845
3.10544
3.06626
3.06666
3.09519
3.10109
3.09471
3.07645
3.07444
3.07062
3.07467
3.07137
3.08364
3.06847
3.07059
3.06237
3.08173
3.12695
3.07945
3.07105
3.10191
3.11999
3.07883
3.06875
3.08504
3.07764
3.05546
3.06824
3.05488
3.07759
3.07375
3.08531
3.07315
3.07511
3.08636
3.08235
3.09126
3.08846
3.07739
3.10437
3.07883
3.06345
3.07062
3.06465
3.07893
3.09177
3.07699
3.09209
3.06673
3.07906
3.07003
3.09803
3.08785
3.06835
3.06537
3.04887
3.07651
3.10772
3.09146
3.08056
3.09729
3.07173
3.07149
3.07201
3.05894
3.07754
3.08247
3.06436
3.06567
3.07458
3.07956
3.07879
3.07583
3.08005
3.07292
3.08195
3.07355
3.07273
3.07234
3.08457
3.05609
3.08769
3.05629
3.07516
3.09341
3.07564
3.06473
3.08073
3.09656
3.06525
3.07969
3.06747
3.1145
3.08148
3.07531
3.07677
3.07793
3.06983
3.08857
3.05883
3.07834
3.08421
3.08126
3.07706
3.08549
3.11016
3.06489
3.06302
3.06907
3.07261
3.09142
3.09608
3.07852
3.06707
3.07585
3.0731
3.07431
3.05817
3.07056
3.06155
3.08887
3.0784
3.06869
3.08124
3.07851
3.05914
3.05383
3.0839
3.08286
3.0743
3.06128
3.06818
3.07377
3.05956
3.07921
3.08294
3.07686
3.08294
3.06118
3.06767
3.074
3.08135
3.07838
3.07784
3.0635
3.07816
3.07396
3.06957
3.0708
3.0796
3.08141
3.07349
3.07523
3.07237
3.07347
3.08726
3.0875
3.09242
3.08262
3.07534
3.07739
3.07324
3.09145
3.06603
3.08582
3.07564
3.07137
3.08713
3.07574
3.07478
3.06913
3.07662
3.0786
3.06735
3.08553
3.084
3.07896
3.08007
3.08651
3.086
3.07135
3.08624
3.08063
3.08038
3.0757
3.08978
3.07534
3.07764
3.06974
3.06654
3.08701
3.07369
3.10742
3.09057
3.08179
3.06841
3.07898
3.07254
3.07477
3.08141
3.08963
3.11124
3.08464
3.06339
3.07902
3.07823
3.07305
3.08026
3.08288
3.06848
3.06681
3.07094
3.07634
3.08031
3.08625
3.07816
3.07483
3.0803
3.07677
3.07339
3.05377
3.06857
3.08411
3.09313
3.09215
3.05898
3.08109
3.08593
3.08287
3.08005
3.06303
3.06729
3.07413
3.06656
3.06341
3.08296
3.08542
3.07264
3.07255
3.08695
3.07192
3.07246
3.10363
3.08257
3.08443
3.09497
3.07777
3.08987
3.06196
3.0677
3.07143
3.08175
3.08682
3.07903
3.07454
3.06664
3.06801
3.07059
3.05562
3.06822
3.07453
3.0943
3.08649
3.07768
3.07123
3.06642
3.07271
3.07242
3.09024
3.0805
3.08468
3.08221
3.06713
3.06821
3.09391
3.07724
3.06984
3.07304
3.07513
3.06776
3.06779
3.08818
3.07799
3.05589
3.10672
3.07587
3.08478
3.08315
3.09343
3.07675
3.07693
3.08066
3.06951
3.08355
3.07969
3.07034
3.07755
3.08114
3.06873
3.08951
3.07084
3.0695
3.07458
3.07955
3.07678
3.08179
3.06516
3.07977
3.06665
3.08727
3.07565
3.0668
3.06118
3.06748
3.06902
3.07192
3.07915
3.06842
3.07372
3.08013
3.07933
3.06429
3.07482
3.07544
3.08202
3.08091
3.07189
3.06658
3.08354
3.06681
3.06617
3.06315
3.08328
3.07446
3.07741
3.06985
3.07783
3.08039
3.07553
3.06657
3.11273
3.06855
3.09022
3.08117
3.08478
3.07569
3.06753
3.06156
3.08039
3.08047
3.11451
3.08026
3.07103
3.07186
3.10032
3.06327
3.08373
3.07977
3.07628
3.08555
3.09578
3.06608
3.08767
3.08332
3.06969
3.09287
3.06598
3.0846
3.0755
3.05828
3.06082
3.07459
3.06273
3.07649
3.07651
3.09134
3.07606
3.08665
3.06355
3.07859
3.0758
3.07666
3.07189
3.07795
3.07332
3.06266
3.0745
3.07447
3.07446
3.06131
3.08918
3.05695
3.08223
3.08272
3.07536
3.08567
3.06935
3.12279
3.08411
3.05359
3.07949
3.08541
3.08379
3.06815
3.07408
3.08348
3.07803
3.07112
3.06424
3.0852
3.07698
3.08373
3.08238
3.07634
3.06427
3.07843
3.08088
3.095
3.0832
3.07173
3.07569
3.07048
3.07096
3.10624
3.08646
3.07347
3.07307
3.07704
3.08249
3.07014
3.07869
3.06699
3.06589
3.09376
3.07654
3.06977
3.07782
3.07784
3.08352
3.05642
3.08705
3.08014
3.08213
3.08199
3.061
3.09019
3.07743
3.0878
3.06406
3.08751
3.09455
3.06717
3.07995
3.08693
3.07939
3.07783
3.08212
3.07373
3.06871
3.08226
3.07691
3.09365
3.08401
3.08289
3.06627
3.07046
3.0802
3.05432
3.09092
3.0665
3.08488
3.06962
3.07522
3.09764
3.08375
3.06508
3.09374
3.07845
3.0772
3.07158
3.08232
3.06603
3.07405
3.09326
3.06314
3.10175
3.07545
3.06506
3.08179
3.0844
3.05531
3.09065
3.06131
3.08096
3.0661
3.06807
3.08218
3.06278
3.08445
3.08072
3.0992
3.08281
3.07173
3.06514
3.08196
3.07965
3.08296
3.06214
3.06642
3.08505
3.09769
3.07978
3.08528
3.07598
3.07614
3.07856
3.06756
3.08315
3.0653
3.07803
3.0643
3.0805
3.08337
3.06388
3.07589
3.08105
3.09298
3.08376
3.07685
3.07213
3.06445
3.07287
3.08673
3.06107
3.09678
3.05903
3.08695
3.07302
3.08117
3.06701
3.08974
3.07686
3.06958
3.06489
3.10754
3.06402
3.0898
3.07382
3.07392
3.08948
3.08664
3.09227
3.08008
3.07275
3.09352
3.09982
3.09185
3.07802
3.06353
3.06673
3.07943
3.08791
3.07366
3.07724
3.06148
3.0603
3.07041
3.07721
3.08202
3.07818
3.06818
3.06832
3.06901
3.07335
3.07686
3.09042
3.08809
3.06807
3.07307
3.08004
3.08468
3.07857
3.06607
3.06652
3.09033
3.07426
3.08851
3.0893
3.08488
3.0709
3.07497
3.08406
3.05911
3.06783
3.06728
3.08906
3.07219
3.09312
3.08814
3.07937
3.10063
3.10198
3.07486
3.06856
3.06884
3.08131
3.08054
3.09836
3.06795
3.05871
3.06768
3.06875
3.06672
3.0716
3.07484
3.07398
3.04443
3.06508
3.09018
3.09079
3.08218
3.08291
3.0884
3.07864
3.08078
3.08269
3.0826
3.06352
3.0799
3.05977
3.07744
3.06997
3.08609
3.08293
3.06471
3.08339
3.07168
3.0619
3.09372
3.0887
3.08807
3.07756
3.08371
3.08315
3.09346
3.06493
3.08115
3.07899
3.06967
3.0896
3.08541
3.07779
3.05616
3.06425
3.06911
3.06693
3.0842
3.08593
3.075
3.06857
3.08435
3.09854
3.09606
3.0599
3.06997
3.06993
3.08407
3.08547
3.10024
3.05043
3.07784
3.0982
3.07247
3.06237
3.07685
3.08706
3.05786
3.11328
3.07437
3.06567
3.08315
3.06154
3.08111
3.07668
3.08667
3.08102
3.08387
3.06057
3.07516
3.0722
3.07282
3.05952
3.08328
3.07686
3.06726
3.06313
3.07088
3.08818
3.05791
3.05304
3.07899
3.10396
3.06295
3.06526
3.06369
3.09858
3.06996
3.06523
3.06771
3.07299
3.06347
3.06381
3.0698
3.07671
3.06918
3.07023
3.07827
3.09462
3.11333
3.06203
3.10101
3.06973
3.07621
3.11967
3.08797
3.06841
3.06263
3.08295
3.0916
3.09546
3.05281
3.09268
3.08871
3.06637
3.07463
3.08627
3.10565
3.06123
3.09839
3.06282
3.13836
3.08824
3.05932
3.07181
3.06866
3.08513
3.07767
3.07812
3.07195
3.06586
3.07628
3.08259
3.10199
3.0719
3.07377
3.09014
3.08257
3.07622
3.10032
3.097
3.08616
3.07265
3.06902
3.09939
3.07232
3.0858
3.07966
3.09634
3.07212
3.07814
3.09068
3.07473
3.08987
3.06076
3.06577
3.07422
3.06668
3.08422
3.07508
3.08921
3.08999
3.09744
3.06389
3.07297
3.06465
3.06707
3.06436
3.08529
3.05916
3.07142
3.08288
3.07691
3.07248
3.0728
3.07865
3.08719
3.07421
3.08128
3.08371
3.07551
3.06874
3.07304
3.08462
3.09215
3.05752
3.09148
3.07223
3.08811
3.10022
3.08354
3.07427
3.0797
3.08368
3.0759
3.06915
3.08659
3.09241
3.07724
3.07737
3.07325
3.07677
