3.14002
3.0907
3.08164
3.08049
3.07744
3.0701
3.07935
3.07407
3.06562
3.08661
3.07462
3.07641
3.07712
3.05949
3.07366
3.05751
3.07869
3.0719
3.05772
3.06171
3.05599
3.06777
3.06052
3.06142
3.07204
3.05727
3.05465
3.05585
3.06019
3.05768
3.05903
3.04611
3.05251
3.05141
3.05966
3.04918
3.05287
3.0472
3.04547
3.05163
3.04956
3.04499
3.04484
3.06223
3.05196
3.0457
3.0486
3.04071
3.04046
3.05057
3.04677
3.04808
3.04292
3.05094
3.04449
3.04971
3.03737
3.03386
3.04209
3.05313
3.04711
3.04224
3.04
3.0375
3.03609
3.03971
3.03939
3.0394
3.03956
3.03069
3.03325
3.03787
3.03903
3.0296
3.03801
3.03149
3.03515
3.03135
3.03495
3.03292
3.03709
3.03152
3.02842
3.03733
3.03761
3.03835
3.03403
3.03297
3.03855
3.03237
3.02831
3.03373
3.03608
3.03619
3.03262
3.03164
3.0306
3.02862
3.02903
3.02935
3.03174
3.03313
3.03399
3.03211
3.03133
3.03159
3.0296
3.03378
3.02993
3.02516
3.02584
3.03121
3.03224
3.03244
3.03198
3.03362
3.02544
3.0333
3.02862
3.02417
3.03217
3.02849
3.02504
3.03062
3.02928
3.03063
3.03094
3.03038
3.03719
3.03214
3.02809
3.03676
3.03159
3.03086
3.02565
3.0236
3.02462
3.03097
3.02839
3.03452
3.02771
3.02713
3.02989
3.02856
3.03481
3.02698
3.02804
3.03025
3.0235
3.03101
3.02909
3.02837
3.02633
3.03812
3.03235
3.03335
3.0291
3.03143
3.0286
3.03036
3.02964
3.02936
3.02908
3.02835
3.03164
3.03301
3.02538
3.03136
3.02891
3.02524
3.04174
3.02772
3.02919
3.02604
3.02914
3.02618
3.01802
3.0333
3.02904
3.02994
3.02657
3.03487
3.02337
3.03451
3.03531
3.03373
3.03002
3.02936
3.03293
3.03818
3.03133
3.03249
3.02319
3.02934
3.02417
3.03305
3.02626
3.03361
3.03267
3.02515
3.03328
3.03102
3.03337
3.03508
3.03384
3.03167
3.02886
3.02674
3.02846
3.03114
3.03554
3.02454
3.0294
3.03229
3.03367
3.03099
3.02787
3.02452
3.03508
3.02822
3.02218
3.02289
3.02908
3.03278
3.03401
3.0279
3.02885
3.03392
3.02904
3.03376
3.02342
3.03193
3.02563
3.02803
3.02621
3.02643
3.02472
3.02724
3.03358
3.03005
3.03273
3.02537
3.02608
3.02841
3.03232
3.02453
3.02682
3.02625
3.02812
3.02855
3.0249
3.03245
3.02936
3.03036
3.02153
3.02983
3.0299
3.03461
3.02858
3.03215
3.02684
3.03304
3.03212
3.02962
3.02748
3.02812
3.03196
3.03135
3.0338
3.02387
3.03248
3.02832
3.02878
3.03259
3.03069
3.03189
3.02491
3.03434
3.02637
3.0227
3.03048
3.0263
3.03248
3.02834
3.02816
3.02995
3.03343
3.02511
3.02969
3.03007
3.0301
3.02552
3.02266
3.02312
3.02871
3.03055
3.02374
3.03017
3.02925
3.03248
3.03416
3.03207
3.02825
3.02872
3.02866
3.03453
3.0329
3.03108
3.03571
3.03394
3.02859
3.02805
3.03118
3.03138
3.0296
3.03208
3.03303
3.03109
3.01943
3.03371
3.0283
3.03361
3.03247
3.03029
3.03321
3.02609
3.02839
3.03424
3.02611
3.02866
3.03464
3.03231
3.03106
3.03207
3.02839
3.03213
3.03614
3.02922
3.0289
3.03318
3.03083
3.02672
3.02702
3.03048
3.03213
3.02715
3.02944
3.02704
3.02882
3.02924
3.03287
3.03434
3.03572
3.0317
3.02862
3.02739
3.02801
3.02927
3.0277
3.03196
3.0249
3.02854
3.03097
3.02955
3.03025
3.02868
3.02972
3.02546
3.02468
3.02923
3.02784
3.03081
3.0312
3.02657
3.02666
3.02284
3.02797
3.03384
3.03213
3.03168
3.03148
3.02977
3.02803
3.02976
3.02835
3.02983
3.02521
3.02855
3.03208
3.03077
3.03142
3.03292
3.03115
3.03275
3.03462
3.02873
3.03187
3.02768
3.03404
3.03607
3.02501
3.02951
3.02941
3.02775
3.02723
3.0335
3.02965
3.03369
3.02485
3.02908
3.0278
3.02514
3.03223
3.03133
3.03057
3.02524
3.02982
3.03012
3.02788
3.0238
3.03032
3.03455
3.03028
3.02655
3.0279
3.02763
3.03294
3.02843
3.02908
3.03026
3.03059
3.03268
3.02935
3.02922
3.03098
3.0349
3.03082
3.03351
3.03274
3.02862
3.02626
3.0339
3.03115
3.02965
3.02834
3.03038
3.02844
3.02468
3.02833
3.02692
3.03035
3.02917
3.0244
3.0252
3.0262
3.02521
3.02733
3.03252
3.02712
3.02887
3.02642
3.028
3.02718
3.02878
3.03128
3.02774
3.03474
3.02817
3.03489
3.02854
3.03067
3.03298
3.02778
3.03576
3.0283
3.03697
3.03622
3.03111
3.02966
3.02993
3.02833
3.03319
3.03079
3.0297
3.03083
3.02758
3.02471
3.02798
3.03026
3.02907
3.02558
3.03034
3.03189
3.03956
3.02351
3.03803
3.03169
3.02941
3.02811
3.03023
3.02331
3.02964
3.02892
3.02556
3.02841
3.03074
3.02976
3.02891
3.0319
3.03395
3.02824
3.02799
3.02429
3.02872
3.02659
3.03081
3.03158
3.02694
3.03134
3.0301
3.03274
3.02876
3.03391
3.02655
3.03451
3.03117
3.02767
3.02989
3.02612
3.02972
3.02829
3.03194
3.03764
3.03029
3.02918
3.03679
3.02617
3.0276
3.03307
3.02564
3.02803
3.02939
3.02924
3.04091
3.03063
3.03195
3.02728
3.0361
3.02918
3.02103
3.03039
3.02982
3.02899
3.02931
3.03164
3.027
3.02845
3.03307
3.03372
3.02952
3.02978
3.03214
3.02587
3.03539
3.03684
3.029
3.03554
3.0315
3.03208
3.02889
3.03083
3.03349
3.02635
3.03198
3.02534
3.03246
3.0233
3.02838
3.03212
3.03594
3.0263
3.03018
3.02664
3.03084
3.02167
3.03049
3.03199
3.03287
3.02891
3.03051
3.03156
3.02949
3.03324
3.02759
3.02552
3.02663
3.03286
3.02539
3.03283
3.03129
3.03106
3.03827
3.03455
3.02565
3.02786
3.02243
3.03173
3.03289
3.02252
3.02951
3.03131
3.02816
3.02943
3.03082
3.02787
3.03327
3.02912
3.02545
3.02672
3.03086
3.03598
3.02669
3.03213
3.03243
3.02763
3.02974
3.03041
3.02905
3.02988
3.02948
3.03031
3.03365
3.0271
3.03076
3.03748
3.02834
3.02533
3.03227
3.0275
3.03338
3.02889
3.02512
3.0321
3.02929
3.0347
3.03537
3.03111
3.02519
3.03547
3.02539
3.03107
3.02997
3.0325
3.03469
3.03241
3.0331
3.0232
3.03681
3.03053
3.02647
3.02607
3.0267
3.03789
3.02981
3.03246
3.03076
3.02787
3.02867
3.03692
3.0247
3.02872
3.03138
3.03586
3.03005
3.02431
3.03392
3.03465
3.02997
3.03272
3.02704
3.02778
3.029
3.0291
3.02651
3.02879
3.02458
3.03007
3.04047
3.02754
3.0261
3.03348
3.02822
3.02617
3.03009
3.03127
3.03291
3.0249
3.02454
3.03188
3.02657
3.03067
3.02768
3.02789
3.02908
3.02852
3.02685
3.03247
3.03054
3.02616
3.02755
3.02767
3.02697
3.03085
3.03028
3.02881
3.03368
3.03381
3.02489
3.02713
3.02841
3.03009
3.02829
3.03151
3.02973
3.03078
3.03157
3.03219
3.02508
3.03688
3.02629
3.02453
3.02964
3.02973
3.02576
3.02832
3.02493
3.02845
3.0282
3.02571
3.03403
3.02759
3.03007
3.0218
3.03361
3.03113
3.03189
3.0261
3.03052
3.0322
3.02855
3.0293
3.02869
3.02501
3.03414
3.0313
3.03098
3.02997
3.02713
3.03138
3.03966
3.02994
3.02996
3.02602
3.0269
3.03136
3.02611
3.02873
3.0275
3.03357
3.02832
3.02889
3.02254
3.02991
3.0295
3.02411
3.02797
3.02834
3.02827
3.02836
3.03486
3.02505
3.02742
3.03439
3.0281
3.03084
3.03139
3.02776
3.03161
3.0228
3.02968
3.02415
3.03077
3.02973
3.02721
3.02709
3.03027
3.03058
3.02902
3.02655
3.0287
3.02685
3.03264
3.02786
3.02925
3.03283
3.03302
3.02678
3.02436
3.0248
3.03326
3.02983
3.03192
3.03153
3.02287
3.02847
3.03489
3.02785
3.02635
3.0324
3.03049
3.02562
3.03469
3.02402
3.02402
3.02302
3.0287
3.02732
3.02544
3.03155
3.02968
3.02779
3.02916
3.02947
3.02979
3.03521
3.03498
3.0252
3.0342
3.02531
3.02604
3.03017
3.02852
3.03117
3.02911
3.02587
3.0289
3.02942
3.03135
3.02959
3.0292
3.02903
3.02862
3.02816
3.03034
3.02581
3.0363
3.02883
3.03104
3.02076
3.03096
3.03136
3.03255
3.02756
3.027
3.03055
3.03372
3.02422
3.02669
3.02476
3.02523
3.03133
3.02481
3.02453
3.03401
3.02779
3.03431
3.03516
3.03021
3.03245
3.03543
3.02998
3.03171
3.0288
3.02845
3.02954
3.03162
3.03255
3.02874
3.03399
3.02958
3.02659
3.03226
3.02631
3.02596
3.03096
3.02371
3.02992
3.02867
3.03331
3.02271
3.03393
3.02747
3.02854
3.02734
3.0335
3.02341
3.0277
3.02961
3.03168
3.03068
3.03003
3.03084
3.03005
3.03061
3.03092
3.02607
3.03178
3.02542
3.0274
3.02581
3.03366
3.02962
3.03637
3.03269
3.02832
3.02783
3.02774
3.02918
3.03521
3.02548
3.03242
3.03115
3.02688
3.02634
3.02767
3.02308
3.03308
3.0338
3.02623
3.03028
3.026
3.03471
3.02855
3.0271
3.02286
3.02518
3.02937
3.0261
3.03706
3.02757
3.02617
3.03284
3.02669
3.03296
3.02457
3.0268
3.02978
3.02662
3.02832
3.02878
3.02544
3.02458
3.03114
3.02361
3.03054
3.02581
3.02938
3.0287
3.03361
3.03582
3.02863
3.02731
3.02497
3.03555
3.02506
3.03342
3.03082
3.03053
3.02978
3.02349
3.02873
3.0236
3.02647
3.03086
3.02424
3.0292
3.02961
3.03084
3.03569
3.03107
3.02671
3.02735
3.03176
3.03675
3.03167
3.03179
3.03365
3.0306
3.02958
3.03129
