22.7868
21.5253
21.2881
21.1718
21.0947
21.059
20.9829
20.9476
20.9198
20.8618
20.8436
20.8567
20.7682
20.7301
20.7415
20.7213
20.7174
20.7084
20.69
20.6656
20.6771
20.6578
20.6325
20.6356
20.6369
20.5898
20.6594
20.646
20.6024
20.6308
20.5856
20.6228
20.6114
20.6081
20.5933
20.5714
20.5569
20.5586
20.5565
20.5692
20.5541
20.5585
20.5562
20.5734
20.5301
20.5722
20.5274
20.5506
20.5442
20.5375
20.5189
20.5241
20.5146
20.5634
20.5076
20.5242
20.5195
20.5428
20.5268
20.5391
20.5048
20.5036
20.5325
20.5117
20.5251
20.5179
20.5131
20.4677
20.4919
20.4747
20.4788
20.5118
20.4948
20.5462
20.505
20.4993
20.4868
20.4835
20.4703
20.4335
20.4759
20.4649
20.4651
20.4977
20.4788
20.4608
20.4684
20.4647
20.4862
20.4676
20.4802
20.4745
20.439
20.5379
20.5169
20.5016
20.4712
20.4581
20.4633
20.4598
20.4443
20.4312
20.4269
20.4415
20.4442
20.4374
20.4409
20.4451
20.4701
20.464
20.4309
20.4497
20.4488
20.4488
20.4273
20.4393
20.4448
20.4589
20.4552
20.4234
20.4332
20.451
20.4543
20.447
20.4396
20.4396
20.4127
20.431
20.411
20.4269
20.4065
20.4247
20.426
20.4231
20.4421
20.4165
20.4554
20.4106
20.4092
20.4335
20.4131
20.4465
20.449
20.4186
20.4286
20.4657
20.4169
20.3902
20.422
20.4352
20.4042
20.401
20.394
20.4099
20.4019
20.3997
20.3847
20.3765
20.4095
20.3844
20.4094
20.3741
20.3775
20.4041
20.3879
20.4133
20.4056
20.4001
20.4309
20.4024
20.3866
20.375
20.3944
20.3911
20.4168
20.4293
20.3893
20.4159
20.3456
20.378
20.3918
20.4007
20.4032
20.3726
20.3762
20.3998
20.39
20.4093
20.3846
20.385
20.3586
20.3677
20.3887
20.3636
20.4079
20.3758
20.4013
20.4008
20.3945
20.3616
20.3917
20.381
20.3971
20.3749
20.3601
20.3851
20.3963
20.3954
20.3834
20.367
20.3564
20.3626
20.3623
20.4014
20.3862
20.3967
20.3705
20.3504
20.3794
20.4106
20.4016
20.3813
20.3628
20.3633
20.3615
20.38
20.3845
20.3551
20.3799
20.3815
20.3728
20.3613
20.3777
20.3668
20.3694
20.3798
20.3313
20.3493
20.3324
20.3792
20.3368
20.354
20.3735
20.358
20.3671
20.3782
20.3605
20.3421
20.349
20.3903
20.3609
20.3706
20.3453
20.3744
20.3587
20.3734
20.3813
20.3717
20.342
20.3702
20.3382
20.3492
20.3552
20.3723
20.3526
20.3846
20.3732
20.3573
20.3692
20.3616
20.353
20.3471
20.3748
20.3673
20.3363
20.3495
20.3431
20.3581
20.3594
20.3479
20.3571
20.3289
20.3439
20.3593
20.327
20.3359
20.3999
20.3207
20.3612
20.3415
20.3567
20.321
20.3582
20.3379
20.3625
20.3479
20.3524
20.3311
20.3402
20.3541
20.3367
20.3287
20.3596
20.3331
20.3449
20.3428
20.3514
20.3513
20.3567
20.3492
20.3382
20.3606
20.3199
20.3411
20.38
20.3529
20.3468
20.3413
20.3265
20.3472
20.3547
20.3508
20.3367
20.3524
20.3583
20.3305
20.303
20.3382
20.3232
20.3497
20.3572
20.3204
20.3161
20.2935
20.3139
20.3295
20.3288
20.3347
20.3512
20.3603
20.3265
20.3379
20.3239
20.3343
20.3189
20.3449
20.333
20.3127
20.3222
20.3191
20.3289
20.3247
20.3504
20.3085
20.3091
20.3162
20.34
20.3448
20.3283
20.3475
20.3531
20.3499
20.3054
20.33
20.3192
20.3587
20.3463
20.3262
20.3316
20.3247
20.3082
20.3146
20.3144
20.3372
20.3161
20.3059
20.3044
20.3306
20.3438
20.3478
20.3153
20.3559
20.3275
20.3282
20.3461
20.3417
20.3269
20.3124
20.3186
20.3302
20.3438
20.3373
20.3067
20.3174
20.3285
20.318
20.2893
20.2958
20.3155
20.3183
20.3362
20.3128
20.2817
20.3125
20.3254
20.3262
20.3085
20.2854
20.3063
20.3071
20.3476
20.3129
20.3217
20.3227
20.3326
20.2964
20.3643
20.3159
20.3264
20.296
20.316
20.3183
20.3449
20.3146
20.3422
20.3222
20.3168
20.3114
20.3184
20.346
20.3142
20.3329
20.3099
20.3424
20.3038
20.2996
20.2975
20.2736
20.3022
20.2797
20.3334
20.2909
20.3101
20.3189
20.2736
20.3018
20.3083
20.3051
20.3213
20.292
20.3133
20.3079
20.2716
20.2996
20.3218
20.3038
20.3026
20.2991
20.2962
20.3088
20.301
20.2891
20.2714
20.2981
20.3116
20.2927
20.3219
20.291
20.2848
20.2969
20.2791
20.3169
20.283
20.293
20.2809
20.2589
20.289
20.3169
20.3221
20.3046
20.29
20.2953
20.2843
20.2841
20.2901
20.2856
20.2824
20.2899
20.3022
20.2989
20.2735
20.2648
20.3011
20.2914
20.3064
20.2774
20.2752
20.288
20.2721
20.2571
20.2835
20.3091
20.2843
20.3012
20.3121
20.3242
20.2497
20.2874
20.2698
20.2587
20.3015
20.2816
20.302
20.2946
20.2824
20.2919
20.2755
20.2677
20.291
20.2607
20.2895
20.259
20.2826
20.2756
20.2803
20.2591
20.2666
20.2781
20.2867
20.2639
20.3249
20.2872
20.3041
20.2893
20.2808
20.2583
20.262
20.246
20.2762
20.2934
20.2723
20.293
20.2707
20.268
20.2821
20.2828
20.2638
20.2706
20.2695
20.2926
20.2882
20.2804
20.2798
20.2702
20.3007
20.261
20.2919
20.3033
20.2453
20.2794
20.2945
20.289
20.2714
20.2608
20.2864
20.2589
20.2654
20.2446
20.2816
20.244
20.2775
20.2576
20.2598
20.27
20.2821
20.2603
20.2429
20.2814
20.2592
20.2515
20.2738
20.2881
20.2865
20.2914
20.2819
20.2859
20.2857
20.254
20.25
20.2563
20.2737
20.2604
20.2726
20.2665
20.279
20.2791
20.2797
20.2622
20.2776
20.2787
20.2551
20.2882
20.2764
20.2624
20.2734
20.2844
20.2358
20.2712
20.2839
20.2803
20.2491
20.2831
20.2543
20.3016
20.2573
20.3058
20.26
20.27
20.2708
20.2647
20.2579
20.2618
20.2463
20.2559
20.2849
20.2725
20.242
20.2626
20.2429
20.2523
20.2888
20.2397
20.2331
20.2701
20.247
20.274
20.2557
20.2595
20.2961
20.2591
20.2705
20.2532
20.2671
20.2324
20.2715
20.282
20.2469
20.2658
20.2453
20.2466
20.3008
20.2634
20.2637
20.2582
20.2713
20.2628
20.2665
20.2654
20.2462
20.2492
20.2958
20.2763
20.2605
20.2543
20.2843
20.2122
20.2538
20.2511
20.2909
20.305
20.277
20.2597
20.2602
20.2493
20.2559
20.2545
20.2654
20.2345
20.2545
20.2685
20.275
20.2809
20.2819
20.2515
20.2779
20.2459
20.2332
20.237
20.2454
20.2324
20.2593
20.2357
20.2634
20.26
20.2503
20.2656
20.2548
20.2571
20.2386
20.2577
20.2222
20.2357
20.2542
20.2551
20.266
20.2568
20.2517
20.2737
20.2505
20.2588
20.2353
20.2394
20.2391
20.2259
20.243
20.2653
20.2494
20.2218
20.247
20.2613
20.241
20.2629
20.2694
20.2649
20.2567
20.2523
20.2204
20.2346
20.235
20.2531
20.2526
20.2902
20.2645
20.2345
20.2447
20.2366
20.2652
20.2598
20.2317
20.2274
20.2967
20.2532
20.2606
20.2398
20.251
20.2476
20.2396
20.2468
20.2316
20.2598
20.2445
20.2439
20.2276
20.245
20.2658
20.2654
20.2422
20.2791
20.2988
20.2354
20.2517
20.2002
20.2741
20.2444
20.2431
20.2645
20.2576
20.2209
20.2459
20.2574
20.2439
20.2501
20.2276
20.2275
20.2659
20.2394
20.2231
20.2576
20.2567
20.2347
20.215
20.2546
20.23
20.2387
20.2573
20.2432
20.2557
20.2348
20.2368
20.2395
20.2029
20.2522
20.2433
20.2389
20.2268
20.2331
20.2285
20.2092
20.2315
20.2472
20.2515
20.2489
20.2406
20.2636
20.2319
20.248
20.2376
20.2516
20.2565
20.2254
20.3017
20.2487
20.2338
20.235
20.2308
20.2274
20.2363
20.2345
20.2613
20.2223
20.2359
20.2527
20.2495
20.2445
20.2806
20.231
20.2373
20.2529
20.2126
20.27
20.2393
20.2447
20.24
20.2599
20.2399
20.2132
20.2343
20.2335
20.1967
20.2345
20.2121
20.2527
20.2471
20.2434
20.259
20.2425
20.2301
20.2375
20.244
20.2387
20.2261
20.2424
20.225
20.2382
20.241
20.2456
20.2362
20.2276
20.2409
20.2461
20.2389
20.2494
20.2358
20.2289
20.2207
20.2435
20.2559
20.246
20.2451
20.2411
20.253
20.2442
20.2426
20.2294
20.246
20.2334
20.2597
20.2357
20.2339
20.2494
20.2103
20.2516
20.2654
20.2375
20.2447
20.2453
20.2583
20.2234
20.2168
20.2703
20.2299
20.2623
20.2206
20.2217
20.2357
20.2445
20.2186
20.2652
20.2511
20.2587
20.2198
20.2446
20.263
20.2597
20.2472
20.2466
20.2301
20.2119
20.2323
20.2574
20.2276
20.2172
20.2626
20.2507
20.2306
20.247
20.2287
20.2099
20.2537
20.2065
20.2212
20.214
20.2503
20.249
20.2481
20.224
20.2326
20.2283
20.2389
20.2297
20.1988
20.236
20.2459
20.2559
20.2591
20.2623
20.2394
20.2153
20.2131
20.2453
20.2472
20.2332
20.2246
20.2534
20.2319
20.245
20.1952
20.2455
20.2328
20.2412
20.2359
20.2401
20.2422
20.2285
20.2388
20.2245
20.2521
20.2287
20.2286
20.2336
20.2123
20.1943
20.2133
20.2406
20.1825
20.2331
20.2554
20.2306
20.2452
20.2398
20.2442
20.2216
20.2286
20.2305
20.2399
20.2439
20.2157
20.2591
20.2139
20.2371
20.2335
20.2485
20.2609
20.2385
20.2337
20.2475
20.2117
20.2369
20.2183
20.2093
20.2451
20.2241
20.2259
20.2295
20.2409
20.2161
20.2139
20.2114
20.2412
20.2314
