0
14
17
54
80
128
119
132
168
138
170
186
226
241
255
274
283
325
392
340
335
333
359
430
404
465
447
476
577
484
488
494
622
621
566
542
614
668
606
688
715
708
816
893
809
696
730
681
820
878
864
890
823
884
850
956
864
822
861
856
1036
926
868
826
927
848
959
928
884
903
874
917
907
931
910
988
999
908
966
914
1032
930
1061
952
990
1001
997
1040
1018
1000
880
899
989
1018
1038
859
1133
897
967
958
911
878
951
948
834
937
966
946
887
949
916
868
909
947
813
924
752
918
740
760
837
847
828
875
864
786
795
754
767
677
788
758
797
706
684
711
702
645
753
597
590
562
551
587
536
544
620
494
548
570
637
634
673
475
540
591
440
430
480
446
498
540
509
429
383
413
371
403
355
431
304
401
352
385
334
257
307
327
372
298
309
341
244
201
242
310
249
336
274
262
209
175
209
230
200
217
233
193
295
229
189
155
196
141
151
170
119
139
155
141
124
175
102
154
115
112
173
129
110
122
157
121
131
81
64
80
120
124
79
126
91
91
92
57
127
69
89
84
88
83
53
55
40
58
33
24
39
32
33
34
26
50
38
54
50
32
21
16
27
25
29
56
23
32
25
22
48
11
48
49
32
30
19
25
19
20
5
16
12
9
1
9
4
11
19
18
12
13
6
3
1
4
0
13
7
0
4
3
1
6
10
3
9
2
4
3
1
0
0
0
0
2
0
0
0
9
0
0
5
0
4
4
0
1
0
0
9
3
0
0
0
0
0
3
0
0
0
10
0
0
0
0
0
0
0
0
0
0
0
0
0
0
4
0
0
0
0
0
0
0
0
0
0
0
0
0
0
0
0
0
0
0
0
0
0
0
0
0
0
0
0
0
0
0
0
0
0
0
0
0
0
0
0
0
0
0
0
0
0
0
0
0
0
0
0
0
0
0
0
0
0
0
0
0
0
0
0
0
0
0
0
0
0
0
0
0
0
0
0
0
0
0
0
0
0
0
0
0
0
0
0
0
0
0
0
0
0
0
0
0
0
0
0
0
0
0
0
0
0
0
0
0
0
0
0
0
0
0
0
0
0
0
0
0
0
0
0
0
0
0
0
0
0
0
0
0
0
0
0
0
0
0
0
0
0
0
0
0
0
0
