0
6
65
93
123
166
184
268
226
312
318
386
469
421
497
574
525
679
647
795
689
750
829
755
811
839
896
983
1040
1003
943
1186
1127
1183
1266
1213
1292
1213
1434
1303
1421
1387
1424
1378
1445
1400
1441
1561
1633
1646
1505
1585
1624
1736
1765
1550
1641
1583
1668
1742
1793
1751
1816
1829
1773
1843
1664
1739
1720
1886
1770
1826
1712
1928
1897
1924
1917
1822
1946
1826
1969
1814
1879
2033
1901
1980
1842
1789
1843
1868
1972
1963
1911
2088
1913
1959
1967
1777
1897
2001
2059
2012
1892
1906
1878
1870
1880
1924
1826
1809
1739
1807
1912
1776
1697
1557
1763
1499
1738
1671
1549
1521
1595
1385
1501
1457
1582
1571
1541
1546
1450
1518
1388
1362
1351
1454
1432
1337
1349
1286
1298
1187
1331
1283
1348
1178
1313
1215
1238
1063
1195
1154
1045
1128
1097
989
1019
1041
962
983
968
1013
960
906
926
895
883
856
826
760
778
764
843
692
777
660
781
798
672
650
776
628
706
609
627
578
594
622
455
532
560
494
528
492
489
519
410
352
418
418
438
386
372
390
327
433
380
321
324
355
300
375
256
252
239
278
256
262
290
279
236
234
258
196
230
195
162
224
220
136
189
194
143
130
87
103
105
129
149
70
140
64
100
132
100
88
97
120
120
86
56
88
61
82
91
105
95
54
36
75
37
85
92
50
45
61
53
39
44
35
32
23
52
15
19
13
22
28
16
20
22
12
22
10
12
6
12
22
25
7
10
18
26
19
13
16
7
31
19
10
11
15
18
0
28
5
7
20
12
11
13
15
13
11
0
5
0
7
11
4
4
0
10
1
0
0
0
8
9
1
0
13
4
1
5
2
0
0
3
1
0
0
0
1
0
0
0
2
0
0
3
2
0
7
1
0
0
0
0
0
0
0
0
0
1
2
0
0
0
0
0
0
0
0
0
0
0
0
0
0
0
0
0
0
0
0
0
0
0
0
0
0
0
0
0
0
0
0
0
0
0
0
0
0
0
0
0
0
0
0
0
0
0
0
0
0
0
0
0
0
0
0
0
0
0
0
0
0
0
0
0
0
0
0
0
0
0
0
0
0
0
0
0
0
0
0
0
0
0
0
0
0
0
0
0
0
0
0
0
0
0
0
0
0
0
0
0
0
0
0
0
0
0
0
0
0
0
0
0
0
0
0
0
0
0
0
0
0
0
0
0
0
0
0
0
0
0
0
0
0
