0
33
9
97
80
167
116
207
233
155
170
340
224
260
303
366
398
345
333
401
520
434
497
562
367
604
564
512
592
633
596
454
563
579
635
687
607
664
663
748
857
826
697
710
801
950
779
1118
1027
862
1049
868
1211
960
1176
1227
1078
1207
1062
878
1305
1155
1226
1414
1194
1285
1293
1440
1287
1516
1555
1226
1158
1596
1410
1332
1260
1245
1709
1350
1371
1453
1728
1380
1666
1426
1638
1627
1554
1631
1795
1469
1893
1761
1415
1334
1504
1631
1687
1700
1715
1819
1881
1761
1871
1853
1968
2080
1923
1774
1516
1676
1950
1800
1903
1950
1844
1943
1786
1913
1801
1625
1735
1925
1969
1837
1733
1677
1662
1778
1902
1539
1851
1779
2068
1857
1970
1886
1819
1977
1587
1832
1824
2009
1842
2016
2095
1821
2027
1997
2115
1839
1965
2039
2252
1778
1616
1918
1842
1576
1974
1820
2406
1851
1783
1713
1875
2088
2121
2149
1847
1978
1810
1889
1811
1837
1987
1626
1923
1965
1464
1923
2019
1657
1765
1750
1749
1684
1500
1612
1416
1801
1602
1638
1339
1728
1694
1332
1844
1861
1609
1394
1621
1462
1556
1320
1402
1639
1427
1525
1806
1571
1531
1610
1647
1151
1496
1430
1341
1619
1291
1304
1266
1410
1248
1411
1464
1213
1142
1449
1251
1272
1326
1145
1492
1256
1149
1144
1358
1013
1294
956
1102
902
997
1108
968
885
1128
1030
1068
1154
822
1032
820
777
955
828
1008
961
1072
843
707
1000
858
797
848
770
790
661
640
710
572
621
660
624
724
621
622
580
624
638
431
545
506
709
598
589
404
576
699
530
403
546
492
330
533
373
447
374
393
360
556
473
233
252
441
349
304
240
243
267
368
267
397
319
367
303
295
243
242
281
261
137
215
194
180
269
289
240
211
193
213
243
326
246
134
159
125
111
101
87
180
158
183
139
194
162
169
94
66
64
174
126
37
37
44
98
49
80
58
86
104
74
95
61
105
79
34
42
50
65
27
8
21
111
70
57
40
42
45
13
108
17
15
54
128
15
55
14
26
75
8
57
9
7
28
6
0
4
24
17
20
23
5
13
0
23
26
16
1
0
7
41
25
0
26
7
3
0
1
15
8
0
9
30
56
41
0
29
31
16
2
11
0
0
0
0
0
0
0
5
0
0
0
0
0
0
1
6
24
10
0
2
27
0
77
0
0
0
0
1
0
0
0
0
0
0
0
0
0
3
0
0
0
0
0
0
0
0
0
0
0
0
0
0
0
0
0
0
0
0
0
0
0
0
0
0
0
0
