0
5
6
37
26
13
91
99
56
105
91
181
135
253
176
181
180
335
315
194
136
244
381
236
329
333
219
340
290
453
401
502
266
312
456
390
588
541
470
506
709
492
460
651
618
641
551
583
451
750
899
637
823
940
563
772
770
768
882
1001
858
1032
1263
866
937
1066
1323
1200
1079
1285
1075
1248
1441
1115
1421
1290
1435
1536
1686
1329
1470
1423
1482
1350
1790
1788
1314
1820
1736
1778
1575
1701
1585
1841
1874
1873
1728
2235
1632
2330
1816
2115
2414
1953
2362
2018
2082
2157
1914
2363
2300
2335
2277
2243
2105
2369
2347
2200
2172
2496
2332
2342
2488
2334
2344
2572
2184
2132
2382
2433
2335
2499
2641
2570
2461
2848
2406
2965
2637
2388
2905
2843
2513
2484
2807
2838
2611
2704
2254
2512
2498
2731
2754
2455
2388
2720
2554
2840
2049
2345
2433
2617
2552
2292
2528
2722
2181
2125
2212
2621
2277
2337
2186
2156
2540
2227
2257
2011
2038
2053
2111
2405
1868
2040
1754
2074
1941
1814
1942
1874
2052
2043
1715
1839
1852
1757
1585
1762
1874
1564
1624
1756
1800
1734
1374
1525
1674
1487
1429
1593
1651
1325
1287
1843
1575
1000
1346
1279
1340
1276
1127
1685
1337
1014
947
1218
1236
1135
1216
967
889
1050
1154
986
902
922
949
733
1009
818
771
1040
697
774
997
774
600
462
676
619
565
615
918
578
878
540
714
522
663
660
447
571
478
457
321
486
555
327
526
261
488
454
480
289
296
389
269
275
295
181
121
197
225
257
219
265
209
218
189
200
129
113
187
205
194
217
230
226
118
133
78
166
219
130
180
117
41
150
166
97
133
155
113
107
71
89
100
113
76
161
149
41
49
52
74
39
28
36
73
45
31
26
43
49
3
24
27
24
20
28
40
22
21
37
20
5
16
38
22
60
3
0
0
0
0
10
62
6
0
16
31
11
8
40
9
0
0
3
16
6
0
0
1
8
39
0
8
0
7
1
81
20
0
30
24
18
15
19
0
0
6
0
0
0
0
0
0
0
2
0
3
3
31
0
0
0
0
0
0
0
0
0
31
4
4
0
0
0
11
0
0
0
0
0
0
0
0
0
0
0
28
0
0
4
0
0
0
0
0
5
0
0
0
0
0
6
0
0
0
0
0
0
0
0
0
0
0
0
0
0
0
0
0
0
0
0
0
0
0
0
0
0
0
0
0
0
0
0
0
0
0
0
0
0
0
0
0
0
0
0
0
0
0
0
0
0
0
0
0
0
