0
1
17
10
22
21
38
47
30
55
67
50
65
66
106
80
92
93
98
61
67
63
117
149
146
126
96
112
131
148
140
221
159
145
133
187
141
189
175
173
175
160
207
215
211
280
252
208
239
199
231
251
237
218
260
280
214
269
271
207
282
275
282
238
251
239
197
222
235
270
271
298
294
299
217
268
287
286
274
203
280
266
266
277
217
255
207
273
250
318
302
260
205
201
231
316
204
280
253
233
222
257
248
210
200
226
247
179
230
229
263
226
163
272
200
206
239
195
274
220
247
173
189
184
192
163
212
185
194
198
179
170
175
152
229
189
149
150
153
163
122
121
140
124
146
103
163
140
113
106
161
91
110
85
89
128
105
161
82
101
94
115
117
97
97
91
88
94
83
67
79
75
68
84
77
87
28
68
75
41
68
53
54
45
55
44
67
31
41
47
41
29
57
34
41
40
56
43
45
57
21
24
35
28
22
45
17
37
9
11
19
48
29
22
15
3
26
15
39
26
6
18
22
22
18
9
17
8
14
19
11
14
3
13
6
4
4
5
34
11
25
6
1
7
14
1
17
1
4
3
18
11
4
4
4
1
5
6
6
0
6
4
6
0
0
11
2
3
0
10
2
0
5
0
0
1
0
0
1
0
3
0
1
0
1
0
0
0
0
2
0
0
0
0
0
0
0
0
0
2
1
0
1
0
0
0
0
0
0
0
0
0
0
0
0
0
0
0
0
0
0
0
0
0
0
0
0
0
0
0
0
0
0
0
0
0
0
0
0
0
0
0
0
0
0
0
0
0
0
0
0
0
0
0
0
0
0
0
0
0
0
0
0
0
0
0
0
0
0
0
0
0
0
0
0
0
0
0
0
0
0
0
0
0
0
0
0
0
0
0
0
0
0
0
0
0
0
0
0
0
0
0
0
0
0
0
0
0
0
0
0
0
0
0
0
0
0
0
0
0
0
0
0
0
0
0
0
0
0
0
0
0
0
0
0
0
0
0
0
0
0
0
0
0
0
0
0
0
0
0
0
0
0
0
0
0
0
0
0
0
0
0
0
0
0
0
0
0
0
0
0
0
0
0
0
0
0
0
0
0
0
0
0
0
0
0
0
0
0
0
0
0
0
0
0
0
0
0
0
0
