0
74
82
126
274
352
536
465
583
495
665
846
879
715
910
908
1098
944
1229
1399
1313
1549
1399
1525
1680
1718
1840
1963
2004
2317
1960
2211
2156
2338
2339
2349
2890
3090
2887
3215
2978
2886
3422
2953
3350
3497
3750
3423
3500
3605
3536
4443
3967
4038
4215
4486
4189
4779
4099
4738
4682
4762
4908
5324
4492
4893
5301
5578
5602
5383
6108
5401
6038
5498
6491
6206
5635
6356
6249
6377
6346
6136
6687
7082
7335
7130
6903
7187
7627
7900
7109
7472
7780
7829
7667
8072
8125
8248
8263
8295
9182
8279
8718
9038
8521
8891
8748
9100
9092
8792
9042
9445
9442
8176
9694
9470
9413
9660
9872
9675
9675
9072
9653
9789
9611
9877
9794
9627
9515
10561
10207
10141
9193
9627
9511
10071
9878
10912
10126
10681
10048
10342
9834
10025
10430
10044
10541
9525
10212
9857
9944
9967
10005
10365
9721
9535
9168
8989
10608
8765
8732
9544
8888
9923
9263
9688
9903
9568
9376
9161
8711
8435
8386
8596
8168
8085
8187
8579
8502
8065
8332
7920
7506
7650
7385
7842
8040
7194
6656
6417
6740
7017
7154
7140
6770
7297
6646
6567
6292
6259
6383
6209
6160
5520
6038
6162
5628
5668
5171
5549
5327
5095
5423
5574
5465
4963
4180
5002
4458
4577
4233
4354
4769
4156
4211
3927
3563
4150
3331
3441
4223
3547
3081
3496
3616
3432
2988
3243
2901
3001
3104
2846
2408
2628
2422
2734
2704
2650
2076
2288
1899
2624
2136
2224
2043
2118
2358
1791
1730
1987
1630
1682
1618
1846
1771
1508
1655
1364
1065
1731
1232
1315
1328
1321
1226
909
1107
1144
1108
1257
959
723
910
731
843
806
787
799
769
595
576
617
608
651
543
566
432
510
656
518
606
402
428
285
429
439
329
394
444
397
367
260
308
389
440
310
282
294
197
309
263
257
209
283
329
175
198
160
213
111
71
186
248
129
85
53
66
114
78
42
106
78
146
82
78
52
136
119
101
88
12
61
5
33
62
55
70
26
9
37
15
38
49
26
0
56
47
18
2
3
64
32
6
12
11
0
0
3
31
0
4
0
0
2
11
4
26
0
29
13
0
0
62
6
22
0
0
1
0
0
0
0
0
0
0
0
0
0
0
0
0
0
0
0
0
0
0
0
0
0
0
0
0
0
0
0
0
0
0
0
0
0
0
0
0
1
0
0
0
0
0
0
0
0
0
0
0
0
0
0
0
0
0
0
0
0
0
0
0
0
0
0
0
0
0
0
0
0
0
0
0
0
0
0
0
0
0
0
0
0
0
0
0
0
0
0
0
0
0
0
0
0
0
0
0
0
0
0
0
0
