0
59
90
361
328
500
463
854
561
596
1004
980
1309
1112
1363
1465
1623
1738
1549
1849
2210
2599
2361
2395
2429
2498
2665
2829
2528
2933
3466
3426
3328
3035
3275
3134
3493
3722
4753
3621
3868
3899
3924
4876
4169
3901
4683
4002
4877
5213
5225
5103
5098
5482
5554
5600
5352
5003
5599
5611
6050
5686
6050
5066
5208
5277
5913
6175
6956
6611
6008
7021
6688
5585
6385
6938
7067
6395
6736
6754
6628
7126
6664
6962
6985
6647
6928
7508
7299
7752
6676
7232
7569
7950
7702
8315
7891
7800
7610
8389
7980
8060
8234
8384
8738
7875
8431
8747
9015
8805
8414
9075
8844
9015
9379
9374
8455
9772
9493
9928
10105
9126
9846
9613
10971
10244
9656
10032
10370
10925
11003
11009
11325
10383
11233
11218
10979
12286
10191
11723
11931
11446
12236
11415
12135
12851
12043
13373
12234
11000
11469
12177
11526
11794
13001
13128
12334
12735
13231
13563
13545
13022
14101
14063
12907
13783
13365
13730
13111
13991
12587
13384
13729
13769
13903
14061
14874
14767
14372
13878
14950
14735
14546
14989
14809
15370
15436
15799
15400
13862
14708
14514
14963
15119
14127
15909
15328
15276
15321
14337
16598
14830
15311
16062
15388
14913
15446
14903
15457
15120
14262
15757
16248
15549
16187
15480
14914
14735
14784
15171
14713
15672
15334
14081
14523
13486
14397
16048
15942
15578
14361
14987
13618
13284
14595
14764
14078
15027
14571
13697
14863
14207
13151
14517
14017
14101
13638
13279
13716
13344
13059
13242
12082
12402
11857
12134
12044
12255
11232
11781
12199
11324
10651
11228
11332
10105
10893
10506
11047
10684
9930
10095
10043
9744
9925
10634
10064
10538
10847
9922
8884
8116
9118
9010
8849
8972
8162
8963
7843
7470
7614
9040
7950
7141
7471
7142
7182
6357
6943
6570
6929
6323
6451
5494
6378
5849
5949
5871
5109
5676
5219
5339
5564
4801
4467
4000
4493
4308
4654
4193
4236
4392
4602
4313
4312
4463
3909
3366
3612
3714
3602
3436
3033
3045
3219
2765
3408
3131
2820
2224
2718
2900
2369
2209
2429
2276
1728
2300
1798
1957
1745
1636
1782
1927
1480
1403
1238
1374
1368
1293
1343
1581
1276
1365
1420
1140
1021
1038
946
891
910
1164
1114
932
831
1192
1035
1145
931
814
787
947
777
547
675
884
683
494
580
620
465
648
549
434
542
405
522
327
333
268
480
350
386
282
365
236
218
218
270
337
194
260
108
206
330
238
185
103
143
125
230
107
209
210
106
173
212
101
70
52
29
96
81
55
102
102
9
49
45
77
90
83
32
7
35
8
55
26
61
63
63
20
40
24
18
2
0
28
5
3
15
40
7
0
11
3
12
0
0
4
15
0
12
0
23
0
13
20
0
0
0
44
8
26
31
55
0
0
18
0
3
0
0
2
0
1
0
0
0
0
