0
30
47
360
130
542
381
643
1083
747
704
974
1208
1090
1409
1789
1156
1280
2029
1995
1985
1961
2100
1853
2056
1735
2346
2614
2323
2504
2329
2964
3154
3600
3241
3000
3046
2639
3980
3216
3326
3843
4523
4041
4012
3270
3789
3847
4425
4600
5106
4364
4841
4899
5396
5188
5673
6372
5269
6215
6076
5281
5787
5890
5977
6570
6958
7059
7066
7823
7029
7151
7730
7869
7708
8209
8262
7625
8401
7981
9057
8576
8730
8624
8258
8901
7421
8836
9243
9794
9172
9462
9392
9698
10026
10043
10003
9975
9392
10298
11450
11115
10127
10626
12017
10371
10406
10739
11098
11904
10432
10624
11867
12114
11811
10602
12497
11442
12564
12720
12351
13919
11901
11044
13038
12045
13331
11126
12912
12547
12739
13256
11985
12562
11298
13441
12721
12460
13776
12519
12937
13505
12181
13237
13335
14214
13013
13685
12946
13965
14364
13666
12925
15288
14543
13306
14628
15236
14268
14426
14782
15248
15295
14114
14862
15540
14192
13236
14552
14444
15753
14809
15303
16327
15238
14828
15863
14352
16801
16997
15027
16027
15668
15896
15534
16348
15500
16906
15422
15704
15733
17265
16800
17414
15665
17556
17158
16731
17462
17215
16363
17066
16404
17502
18800
17730
16711
16562
18573
16601
16338
17871
17668
16972
18261
17953
19355
18784
19265
20279
18257
18189
18051
19270
19761
18840
19618
17687
18773
18900
19744
20202
19662
19202
17358
19493
20862
20397
19456
18983
20124
20003
20891
21299
19247
18806
19233
19113
20683
21306
20127
20734
20354
18771
21108
21410
18394
20055
21819
19403
19331
19326
21283
20271
20831
20901
19849
20260
18701
19886
18664
21337
21015
21392
20631
20916
18646
21620
19551
20604
20737
20422
20582
21076
20492
19633
19892
19950
19775
20519
20824
19915
19547
21682
19273
22732
19617
18734
18736
18363
19820
20040
18616
19767
18057
18054
18421
18970
18461
17087
19334
17260
17622
16839
18147
18293
17533
17511
16265
16610
17259
17402
16440
16785
17106
15237
14601
16775
16961
15714
15048
14994
15302
15085
15002
13578
13580
15351
14503
12430
14069
14488
15868
14031
11697
11904
11857
12538
12268
12503
13010
11157
11154
11589
10926
11023
11842
8753
10454
9606
10844
9023
10896
10427
10225
9584
9244
9701
9693
9958
9810
8322
8881
9465
9153
9403
8960
7939
6996
8507
8504
7994
7273
7020
7831
5740
8249
6618
6087
6006
7400
6635
5350
5806
5870
6084
6144
5788
5250
4868
4620
4276
4914
5313
5218
4790
4646
4691
3963
3913
4455
3445
4006
3915
3512
3487
3772
3882
3140
3191
3458
3395
2954
2867
2731
2894
2792
2568
2582
3193
2673
2659
2538
2786
2227
2031
2007
1728
2076
1507
1781
1620
1898
1416
1573
1508
1587
1939
1557
1429
1205
1510
1590
1369
1023
1147
821
979
1136
890
770
920
1083
1032
1119
475
964
509
822
598
782
680
699
853
675
512
434
401
625
493
489
424
665
403
437
302
687
816
518
628
360
205
436
321
275
304
126
176
321
97
