0
37
135
165
192
310
385
518
563
544
673
801
814
907
1086
1072
1142
1311
1288
1403
1383
1338
1540
1563
1558
1773
1852
1759
1937
2023
2121
2166
2166
2277
2210
2418
2557
2593
2408
2695
2512
2591
2657
2772
2953
3013
3126
3006
3019
3152
3046
3214
3299
3591
3337
3524
3342
3419
3492
3643
3576
3537
3484
3570
3674
3581
3760
3872
3670
3887
3659
3714
3876
3518
3856
3814
3716
3706
3922
3954
3970
3836
3881
4076
3829
3895
3961
4030
4080
4111
3986
3847
3928
4031
3857
3951
3859
3783
3744
3727
3800
3780
3805
3778
3742
3532
3788
3703
3549
3594
3632
3674
3282
3514
3393
3414
3428
3348
3362
3378
3303
3229
3204
3152
3143
3248
3289
3162
3018
2937
2930
2926
2839
2755
2897
2859
2868
2597
2843
2698
2718
2448
2584
2584
2437
2480
2396
2484
2305
2233
2269
2308
2159
2113
2151
2037
1973
2021
1861
1963
1811
1918
1855
1729
1771
1681
1573
1688
1722
1719
1694
1664
1448
1464
1402
1398
1420
1370
1308
1340
1395
1330
1310
1105
1211
1150
1076
1035
986
981
1018
1003
898
895
927
979
865
790
738
751
799
735
712
718
751
762
709
626
528
638
605
642
561
608
542
537
505
478
523
471
462
461
370
368
364
348
441
424
351
397
306
335
409
318
311
315
275
235
294
214
238
208
213
205
209
214
227
244
156
163
151
167
144
133
140
132
176
148
141
126
105
106
113
95
110
95
106
148
91
75
89
87
61
92
58
60
82
75
42
62
59
44
60
53
40
52
44
38
31
36
34
27
33
19
28
17
24
14
7
23
9
17
11
20
7
21
16
11
11
15
31
16
22
16
1
4
14
8
12
17
4
1
2
9
12
5
5
4
7
1
3
9
10
1
1
3
2
0
7
4
2
7
3
0
0
0
4
5
0
0
4
0
1
0
0
0
0
0
0
2
0
10
2
3
0
0
0
0
0
0
0
0
1
0
0
0
2
0
0
0
0
0
0
0
0
0
0
0
0
0
0
1
0
0
0
0
0
0
0
0
0
0
0
0
0
0
0
0
0
0
0
0
0
0
0
0
0
0
0
0
0
0
0
0
0
0
0
0
0
0
0
0
0
0
0
0
0
0
0
0
0
0
0
0
0
0
0
0
0
0
0
0
0
0
0
0
0
0
0
0
0
0
0
0
0
0
0
0
0
0
0
0
0
0
0
0
0
0
0
0
0
0
0
0
0
0
0
0
0
0
0
0
0
0
0
0
0
0
0
0
